[131  22 104  70  40  33   4  10  65  21]
[ 13   9  56  79  46  90   7  62   0 138]
[ 12 170  13  15  16  86  69   2  65  52]
[ 29  13 146  18   4  23  53  14 190  10]
[ 38 124   8  99  19  65  83   5  41  18]
[ 16  66 118  71  40   6  10  53 103  17]
[ 31  78  31   9  43 187  39   8  66   8]
[ 64 152  28   7  11   3 145   3  71  16]
[163  21  23  12   0  42  61  11 146  21]
[102 100  12  46  26  25  20  37  86  46]
[  8  23 159  98  66  12  34  61  33   6]
[ 14   3  27  66  70  15  50 175  15  65]
[ 23   4   1  15  30  41   2 185  50 149]
[ 24  54  79  47   4  39 124  27  56  46]
[ 13   0 110 125   2  14 107  51  70   8]
[  7   5  55 161 129   0  51  51  10  31]
[ 26  33  95  22  89  35 109  21  38  32]
[284   9  14  11   7 115  36   3  15   6]
[ 30  25   5   5  67  16 123 129  78  22]
[ 4  1 89 97 10 80 44 72 99  4]
[50 28 39 82 58 38 28 39 40 98]
[154  24  46 120  15  49   1  24  30  37]
[ 42  20  80  22 153  13  46  37  21  66]
[ 14  32  36 176  59  22  20  77  34  30]
[106   7   3   1   2 150  19  40  53 119]
[  0  61 121  27  11 123 100  28   2  27]
[ 41  13  34  51  33  40 156  14  43  75]
[ 33 221  59  65  42   4   8   8  16  44]
[  1  17  82  52   8 153  42  98  17  30]
[ 83  85  29  99  13  44 100   5  22  20]
[ 19  46   6  14  26  86  19 108  24 152]
[ 54 186  20  24  12  93  43  28  14  26]
[86 14 50 43 57 14 42 83 70 41]
[ 11  55 123  10  27 172  38   7  12  45]
[ 14  23   3  53 140 115  77  44   4  27]
[ 81  55  65 199   4  12   5  28   3  48]
[216  27  91   0  65  53  14   4  15  15]
[  6  20   7 164  22 196  14  27   0  44]
[92 60 85 17 21 57 21 95 17 35]
[231  44  36  18   2  35 107  14   2  11]
[ 50  16   8  91 120 102   5   1   2 105]
[ 37  42  49 110  86  46   6   0   9 115]
[ 40  60  31   4  35   6 162  43  29  90]
[61 86 50 48 32 21 41  8 63 90]
[ 68  21  16 121 104  59  37  21  41  12]
[  4  10  76  11  23  42  33  48 186  67]
[29 99 11 23 84 46 54 11 73 70]
[  2  18  51  85  30  80  28   0 187  19]
[ 93 101   5  47  77  47  42   2  44  42]
[  6   8 182  38  70  33 102   8   7  46]
[79 73 10 15 88 32 36 65 29 73]
[ 98 142   9  11 119  37   2   9   6  67]
[ 28  42   1  38 152  93  10   4  85  47]
[ 25  16   9  31 130  82  51  55   4  97]
[ 41   7  28  34  83  62 104  93   0  48]
[44 77 52  4 81 35 75 51 17 64]
[  6   8  12   5 107  56 185  83  24  14]
[ 17   1 116  15 123  84  89   8  34  13]
[ 43  40  75  10  28  13 217  23  36  15]
[ 23   1  44  26  63 102   0  50  19 172]
[ 23 105  27  38  22  83  76  42  60  24]
[  0   5  59  17  70   9  58 114  80  88]
[ 93  54  10  15  14   8  77  61  18 150]
[ 61 157  28  12  69   7  60  20  24  62]
[  1   3  22  25  66 145  34  34  34 136]
[ 55  17  71   4 130  84  29  33  55  22]
[ 37  30  73  34   7   8  50  39  90 132]
[148  55   5  35  38  24  35  47   2 111]
[  4 110  30  58  44 100  46  77   4  27]
[ 32  53  27  11  77  21  31 195  45   8]
[ 49  43  15  75   4  59  31   1  60 163]
[  8   8  35 229   4   4  72  88  12  40]
[34 31 48 55 97 34 28 92 73  8]
[  4  52  35  12 176 120  32  15  45   9]
[ 13  86  18  17  86   9   4  46 209  12]
[ 84   8  19  64 120  32  12  36   1 124]
[ 62  34  97  59   9   9  49  13 139  29]
[ 15  53  30  10  35  18  33  57  20 229]
[ 10  67 127 108  47   0  70  15   0  56]
[122  30  51   5   0   7 131  50  32  72]
[ 34  58 125   7  64 126  11  36   2  37]
[  0  35   9   3  19  67  77 149  53  88]
[  2 158   9  72  77  18  59   6  71  28]
[  2  47  78  58  24  78 107  73  17  16]
[ 17  81  38 161  10  45  24   2  54  68]
[ 54  36 127  84  48  17  20  31  67  16]
[ 18 129  34   6  42 127  42  18  28  56]
[ 32  24   3  69  88  16   8  68 139  53]
[ 37   7   7  26 142  43  57   3  54 124]
[ 23 109  28  42  34   1  49  27 176  11]
[ 84   5  18  19  38  50  56 101 100  29]
[ 39   6  14  13 175  90   7  41 115   0]
[  0   1  52 309   0  67  44   7  20   0]
[  6  47   8  61   0   0  31 325  22   0]
[  2 178  48  20   0   0 100 123  29   0]
[ 27  48 105  25   0   0   0  85 210   0]
[105   6 145  65   0   0   0 141  38   0]
[ 99  93 116   0   0   0   0 107  85   0]
[254  44  37   0   0   0   0  79  86   0]
[150  69 149   0   0   0   0 132   0   0]
