0.20786928050445808
0.26849373771983365
1.625147052170402
3.6571209171278913
5.294433135927871
5.44222314330699
5.5890375934847505
6.0521356241983355
6.7038230797589975
7.818415887989463
9.11359289594198
10.047393584160428
10.771743035964509
11.280085719811993
11.701050659809557
12.178029212629273
13.030438930491048
13.567640344122328
14.263412631911825
15.017152975636959
15.53131911232204
15.809067755645168
16.89814969861194
17.573654129636118
18.020077667144207
19.023908339772724
19.547375160155188
20.57935895920323
21.28294138821453
22.029531051898914
22.96175351160284
24.33340349935408
25.37409967941184
26.539249290385264
27.561487419849954
28.537442345517068
29.22061920416556
29.68749709219967
31.28701098404428
31.751731426625817
32.621711002604485
33.35218843543639
34.30745023420049
35.20552726844436
36.299232360677074
37.58510048524492
38.69860847422981
40.32475285413726
41.241529705125295
41.864881431886545
42.780440263727606
43.97447799269323
45.01368473457856
45.86083565014157
47.246377263531
47.81044062859505
48.89870218799728
50.301314437298394
52.05577693918298
53.11981129252389
54.41466082241391
55.487093024285514
56.497638081089036
57.28694958513119
57.84248906488941
58.91039415538252
60.1665704323524
61.29245920141757
62.41006218808471
63.61842713702174
65.13084915254986
66.31569557995422
67.43342826842368
68.52718438742669
69.61789499354576
70.0177586450857
70.62349604106056
71.55469463134683
72.80540367216655
74.31768092207025
75.43316495925316
76.57248127284748
77.21860119278573
78.22853269832191
79.39359249533423
80.95583863040534
81.94989476938049
82.97181697735172
84.58305793087992
85.47319111405633
86.88542178854489
88.39184651258611
89.6293903126305
91.06308861267317
92.12123020901103
93.0337461853937
94.20961578340065
95.45844915743652
96.90483633513611
98.10066643280484
