-0.4461838934800893
-0.3973009838540933
-0.23811400263275
-0.2738166654408401
-0.3015042661848248
-0.33342622278905754
-0.22670394279765596
-0.29440917486700924
-0.26061177434030286
-0.266796475652052
-0.4322070932336559
-0.4258035585881572
-0.4296286256948816
-0.45966668850702175
-0.4553456153500077
-0.5181761154400211
-0.5548626694418195
-0.570354565606646
-0.5820661112971743
-0.6139521785998685
-0.6376903961658954
-0.7125682464447349
-0.6107326244331823
-0.7653033156530817
-0.7800717569660134
-0.6894145374906318
-0.6826991818448229
-0.6897724505518583
-0.7906445065221221
-0.7463133648995269
-0.688821080716547
-0.7078930508089316
-0.818505055452545
-0.6915033162168682
-0.7712471737900869
-0.7430099795500755
-0.7906672447471859
