131.70359895066474
129.63774249801367
68.34480074296896
70.0811743466289
194.23728599405914
164.0057935520288
131.29699298180117
131.771643408771
80.74018507938591
175.36573144244426
138.5972138656425
115.38315620979787
50.732958976866485
101.53322904241057
95.02341235901179
143.92652396443864
147.1204516209924
51.0740668709074
77.09051986670525
109.0660310813776
96.07512658262159
170.93722351902588
185.21083492477197
136.3881723406921
170.34615801192317
159.2079430866664
138.09388495032067
115.61525075529421
199.5061061252951
76.7803339559247
94.581449557051
199.51928216247276
174.74034507806724
58.94547510177912
194.16911930441006
104.74934738278341
143.37450436221326
140.06506214266594
128.4598192237846
192.38369002205567
144.5702770354515
69.72078805185139
98.81571398071829
140.40154763223455
104.1171544437561
179.27425744062646
156.11226349228332
118.47607010633513
109.0173667560747
190.29675829209646
193.79287519524127
183.27540913224036
124.78954742432688
176.91908153975027
193.9882784309975
80.9949862911132
196.9778996561049
133.18500644109776
70.04451452417976
142.0586759530583
185.05241025675133
78.48125280562525
55.88863915004581
76.25777611248036
86.2642414137919
111.45561481503235
71.46350257963377
131.04275245047558
54.93064420429195
176.85695867308505
69.68289341912946
174.45874866847072
82.55233018306427
184.20776315818105
150.4612379226002
87.20671614748089
71.32581947598374
74.28021156810651
179.1929665317418
72.12315888514658
172.8535067844344
171.68077125610134
123.62159650247416
154.3020897871861
107.28930486228927
106.47371971731587
53.451339689405316
132.44081714450112
127.84162084406557
183.19964486638534
65.29511316072475
110.0015497956827
60.91849287194707
111.68008309540835
147.86319132161773
195.77017259529535
166.7802708257455
61.88632059983418
62.05707620906058
183.2270493143958
