15488376
15784824
16097144
15614840
16079736
16201080
16060792
15906680
15889784
16133496
15558520
15959928
15532920
16140152
16104312
15844728
15865208
15872888
15830392
16203640
15552376
16007544
15793016
15961976
16193912
16001912
15453048
15797624
15640952
16222072
15745912
15923064
15801720
15887224
16485752
15783800
15857528
15939448
16810360
15779192
15945592
16385400
15893368
15883640
15885176
16013688
16201592
16398200
15830392
15951736
15797112
16012152
15789944
16121720
15985528
16487288
16185208
15837560
15721848
16048504
16051064
16320888
15796088
16320888
15873400
16164728
15692152
16206712
15398264
15725432
15849336
16135544
15966584
15621496
15896952
16294776
15333240
15767416
16004472
16419192
16084856
15918456
16279928
16257912
15758200
15856504
16629112
15974264
16025976
15995768
15985016
16258936
15530872
15910264
16429432
16835960
15735672
16168312
16612728
15298936
