7917800609.832916
7145238358.785019
7099285686.496549
7118631279.975421
7610835073.230503
7338188760.8823805
7127218307.9121065
7214904390.461261
7417842424.588911
7575071664.915525
7659586050.926489
7433276072.588252
7078593541.162403
7094350931.365569
7916817512.98479
7911588791.795072
7936605710.884182
7645240206.729912
7379752888.193841
7999951669.223914
7551454741.299351
7629305211.178006
7463581448.342851
7516063049.483846
7973868989.403085
7745601001.356199
7007637573.467545
7435176069.179964
7844893618.21101
7337803246.394834
7305061037.900725
7610401274.647785
7488385134.173819
7737298644.111208
7395060867.153542
7336373588.810829
7819673142.184494
7410678845.877419
7521434863.502101
7289622993.427376
7305523324.29353
7522315114.852956
7164385638.056317
7260830321.588967
7201615844.059553
7738640804.997629
7880714213.399243
7089822136.779163
7517338741.378441
7291362419.472348
7077032669.7750225
7602491391.918928
7634265477.431497
7749755644.773821
7689021193.908131
7096499050.498111
7729429445.488966
7979525099.479004
7380084703.8045435
7717185705.35591
7407876724.204654
7599773919.750347
7837349044.890278
7904825430.949771
7667280886.983643
7075120722.174536
7062366537.410773
7415073452.715299
7638692495.882516
7762736985.545649
7516328066.920195
7067615011.858979
7409332151.192235
7767089753.8659725
7925479469.575149
7611429862.079229
7978184090.632341
7260975260.00196
7093424680.839757
7709465928.661992
7428770151.293581
7568621571.356581
7048597738.226368
7438814216.050597
7521432052.444417
7805349267.867099
7393390568.485999
7968918629.942933
7073639068.654322
7659524732.242362
7924962653.952539
7558064403.750885
7628646530.687196
7811482461.471402
7776422362.303573
7438503254.367313
7057554340.017368
7920662950.247592
7483422534.878075
7816638387.232758
