0.001938892638358515
0.004034955675476349
0.0017611751159146752
0.0038084319038505727
0.0015097576325352404
0.0011249639517188089
0.004399902958873724
0.0036856368247093433
0.003095855959157138
0.000812304082011366
0.0018464194638775455
0.0017712641822606478
0.003452755306270073
0.003634701069172503
0.001000698564808018
0.00443580115018765
0.00474565561140208
0.0023381898097450133
0.0011431232730306127
0.0006432460950695578
0.004340489530750181
0.0010846038501670307
0.000841316538259083
0.0009375163623674614
0.0009962347500754025
0.0034940356306991834
0.001329494710253971
0.0020813919058351093
0.004898620322817088
0.003326939142700229
0.0015376455727849083
0.0005005090786617887
0.0042236639688854796
0.0008675228470349849
0.002421597028799308
0.003286525383607157
0.0013679760525322083
0.0005897059007540051
0.004677941756631887
0.001301468293710195
0.0007232069026177758
0.001180145356046854
0.0006504033577731836
0.0010147758591092504
0.001103250198622601
0.004984447528964988
0.0016950476427575138
0.004970094567237064
0.004117087719275794
0.0038283591964535257
0.0014123285686932327
0.004736402605423769
0.0013462570526568335
0.00430650422421788
0.0021308407794144195
0.004455317385926043
0.0033027906669207737
0.004950081361062611
0.0022883261697207663
0.0047428958651975755
0.003188844578732259
0.00336570255081632
0.0033127666988761297
0.0034274621806625587
0.00443694832660471
0.0015188611184534545
0.0030890375541674088
0.0029743087548705074
0.0010631095826200984
0.004812645225515649
0.0028094820202461818
0.0022249687257511943
0.0034685146376263794
0.000635704185960415
0.0027268138009300317
0.0034460858259380096
0.004005852520261659
0.0016811409852330185
0.004946010538108961
0.004994294820225974
0.0007745767983105118
0.0031722612186097588
0.002935398776652351
0.0017317531871695727
0.003016779688830322
0.0030724572532506845
0.0009117920891983977
0.0005019296093609231
0.004930920503004112
0.004410033783401334
0.0037404412183643047
0.003132384002795019
0.0038843782042440457
0.0006846881740966699
0.0030925502097946763
0.0006378078790579216
0.0011471084236946735
0.0038349604584028635
0.0016956375611544103
0.0020641026107237883
