-1
-1
-1
-1
0.02142464296559085
0.020834406939419833
0.01914676564180257
-1
-1
-1
-1
-1
-1
-1
-1
-1
-1
-1
-1
-1
-1
-1
-1
-1
-1
-1
-1
-1
-1
-1
-1
-1
0.008410387478572182
0.006388279195612739
0.0078108703679353264
0.006605474353710577
0.006530725824321645
0.0054346030354062835
0.00534430990361573
0.004717694043490457
0.0046199465987116885
0.004700962949511418
0.004300329253033809
0.0042453399325428735
0.0039599364981208205
0.0038934787967490835
-1
-1
-1
-1
-1
-1
-1
-1
-1
-1
-1
-1
-1
-1
-1
-1
-1
-1
-1
-1
-1
-1
-1
-1
-1
-1
-1
-1
-1
-1
-1
-1
-1
-1
0.00607284555154309
0.005101311297764964
0.0044932325653283915
0.004065100656811399
-1
-1
-1
-1
-1
-1
-1
-1
-1
0.004847321381158799
0.004031687376193178
0.004214115878512476
0.004005735360572109
-1
-1
-1
