-1
-1
-1
-1
0.02620273209150943
0.02409464127524605
0.023017564365983675
0.021044859573161802
0.019739077976962043
0.018471902475676722
0.01676423409797626
0.01628769895883912
-1
-1
-1
-1
-1
-1
-1
-1
-1
-1
-1
-1
-1
-1
-1
-1
-1
-1
-1
-1
-1
-1
-1
-1
-1
-1
-1
-1
-1
0.009324064975677256
-1
-1
-1
-1
-1
0.009047299964800892
0.007890414567300061
0.00733879395557682
0.006399805675775812
-1
-1
-1
-1
-1
-1
-1
-1
-1
-1
-1
-1
0.007757583648153691
0.006508214104213028
-1
-1
-1
0.006964709791849113
0.00554549816746119
0.005217959608508056
0.004646819746694086
0.004409758058537901
0.003959560303496166
0.0038125237944280966
0.00373834022190734
0.003476867047476702
-1
-1
-1
-1
-1
-1
-1
-1
-1
-1
-1
-1
-1
-1
-1
-1
-1
-1
-1
-1
-1
0.006856416387993365
0.0049134956347605206
