-1
-1
-1
0.027052746736086333
0.025700849045763956
0.023314757098208416
-1
-1
-1
-1
-1
-1
0.016870257941248655
0.01557941795869188
-1
-1
-1
-1
-1
0.012393692939409189
0.010529816128559164
0.010251995996561843
-1
-1
-1
-1
-1
-1
-1
0.010316647089874516
0.007968495114153804
-1
0.008448284090148632
-1
-1
0.007633886926700003
0.006672707881911525
0.005379749026423279
-1
-1
-1
-1
-1
-1
0.007110746509835615
0.005761840298457153
0.005067682775904189
-1
-1
-1
-1
-1
0.0061882913819831485
-1
-1
-1
-1
0.006215699939492189
0.005299620703950136
0.004546443787966292
0.004336166134319053
0.0038612388441809915
0.0035640816828287156
0.0033514423363401992
0.003171208235281673
0.002697018980084417
-1
-1
-1
-1
-1
-1
-1
-1
-1
-1
-1
-1
0.00465817428243239
-1
-1
0.004811798883448508
0.0029964628542906474
0.0034765463754800816
0.0034946444378347024
0.0026534502443110388
-1
-1
-1
-1
-1
-1
-1
0.0040609468185025584
0.003462180346634321
0.0027514879601485617
0.002669340627380534
0.0028892523806927865
-1
-1
