0.032978917704980897
-1
-1
-1
-1
-1
-1
-1
-1
-1
-1
0.01922028780422597
0.017854334328934195
-1
0.015674984411200986
0.01436579426129659
-1
0.013468345313660568
0.011970680754487685
0.010329716607351987
0.009461840539896247
0.008973278412612543
0.008001163599131077
-1
-1
-1
-1
-1
-1
0.007869869583109685
0.006705323617706422
0.005917077846344883
0.004956013870530146
0.00546899752941799
-1
-1
-1
-1
0.0060936776303701645
0.004636115896383482
-1
-1
-1
0.004511496130356472
0.0035822972994894614
0.003061437329730194
0.0027411499386567548
-1
-1
-1
-1
-1
-1
-1
0.005027285582706689
0.0036904862310058175
-1
-1
-1
0.0037632738564225194
-1
0.003058860612978291
0.0027047445882681215
0.002574957772732659
0.0027898358949502967
0.0017707105291214931
-1
-1
-1
0.002334700557051662
-1
-1
0.002417041326085754
0.0018561482864721897
0.001755407101493569
0.0015349445599139862
0.0017892162483631468
0.001441045620471829
0.0011125741162874203
0.0011464451061489668
-1
-1
-1
-1
-1
-1
-1
-1
0.0029733522184549883
-1
-1
0.00245214249993611
0.001600017114053609
-1
0.0019604861765455035
0.0015216485255879811
0.0009271750218041144
0.0009329329975014535
0.0009401638178295469
0.000933830129089002
