0.03189876856528625
-1
-1
-1
-1
-1
-1
-1
-1
-1
-1
-1
0.016998763479556006
-1
0.015155831406680344
-1
0.01344658327280254
0.010962439066204945
-1
0.010170188149371404
0.00814138205385519
0.007493889188910773
-1
-1
-1
0.007939632782570366
0.006499161963911252
0.006256766744596221
0.005621305014417825
0.004687574981266088
-1
-1
-1
0.005059962265290583
0.004686684542625199
0.0038044087925242533
-1
-1
-1
-1
0.005225497728744366
0.003712258087141609
0.004355787585733989
0.004274210772256834
0.0045179744728006685
0.0026022498651097218
0.002329618930712592
0.002223331293913239
0.0025569554012064132
0.002295488360193966
0.0021188600393778727
0.0019309642860835879
0.002030860210267664
0.0018542433075617228
0.001536284344794586
0.001466341042983063
0.0020690969775952884
-1
-1
-1
-1
-1
-1
-1
-1
-1
-1
-1
-1
-1
-1
-1
-1
-1
-1
-1
-1
0.004595546271423055
0.003245425336600543
0.002483351613192002
0.00245406850582783
0.001598451125870842
0.0014610732260838264
0.0011849180431915119
0.001437282000860855
0.0015035617605781311
0.0013261781270083326
0.0011290808712102792
0.0011894138833075186
0.001107541420796168
0.000842225148790868
0.001508428776520521
-1
-1
-1
-1
-1
-1
-1
-1
