0.034372229989190116
-1
-1
-1
-1
-1
-1
-1
0.020650443103578355
0.018966685569443496
0.01853221854135366
-1
0.01711660619060423
0.014581314565547216
0.013996568434431504
0.012677128250989537
0.01154012376417997
0.010415041213767453
0.00952886286596794
0.008638642199351513
0.008011482188762246
0.007550166211250587
0.0071701536302344274
0.006748918593701558
0.007223337671935222
0.00621577081903675
0.005097085639848435
0.0050608482606456446
0.004960337945079455
0.00518444978865302
-1
-1
-1
-1
-1
-1
-1
-1
-1
-1
-1
-1
-1
-1
-1
-1
-1
-1
-1
-1
-1
-1
-1
-1
0.009010971385613785
-1
-1
0.008767790966991706
-1
0.006790708902198996
0.005179012304947145
0.004169449453520994
-1
-1
-1
0.005251689206917548
-1
0.004137935054360445
0.0033307347806230216
0.0030601610715471194
0.002773364127145312
0.0030846697690488033
0.0026554255653348123
0.0019029908168099806
0.00202114481650812
0.001995765467362019
0.0016394110898997657
0.0014817035202333343
0.001557787027773
0.0019203197640733417
0.001383458873565728
0.0013261103997333238
0.001733825356469765
0.0011433804184093144
0.0013206610310535086
-1
-1
-1
-1
-1
-1
-1
-1
-1
-1
-1
-1
-1
-1
-1
