-1
-1
0.027618426233244033
-1
-1
-1
-1
-1
-1
-1
-1
-1
-1
0.01730131017698436
0.015644180914834
0.014602962061905816
0.013502449472926399
-1
0.013022835245230834
-1
0.011609882219281628
0.010304665188314016
0.009443082452363792
0.008413873716827745
0.008097600717555139
0.006983898172687717
0.006838091841814843
0.005910056162734593
-1
-1
-1
-1
-1
-1
-1
0.007311870542760659
0.006151894361429602
0.005315603535924457
0.0048271394866534765
-1
-1
-1
-1
-1
0.005498939088028239
0.004484846815958462
-1
-1
-1
-1
-1
0.005100624497446737
0.004215945807913937
0.003402533244076605
0.0031696666878712454
0.002806388161184477
0.0030443081478972608
0.0032682845427971082
0.002524241179293969
0.003474349219123198
0.0025392555081126442
-1
-1
-1
-1
-1
-1
-1
-1
-1
-1
-1
-1
0.004642587705942554
0.004935422379142764
0.004564189229646766
0.004757976889495886
0.002328339436617921
0.002317891724143113
0.002769279142800583
-1
-1
-1
-1
-1
-1
-1
0.0036913888763114382
0.002502251780527553
0.0017717257209771068
0.0015518730819460375
-1
-1
-1
-1
-1
-1
0.002734835814935336
0.002909060983316197
0.0028102345994339395
