0.034935516941524865
-1
-1
-1
-1
-1
-1
0.023656918466203828
0.02201431996430251
-1
0.020054460191546407
0.018378565667482315
0.017716146281626363
0.016291044204582113
-1
-1
-1
-1
-1
0.01179356884021164
0.010494140582071135
0.009353662358283546
0.008121505834598848
0.007997903049640034
0.0071724011874379195
0.007296747124150029
0.006343822112211884
0.006254450963468543
0.006358635435426619
0.005558037091511353
0.0061564612468186985
0.006456775402400241
-1
-1
-1
-1
-1
-1
-1
-1
-1
-1
-1
-1
-1
-1
-1
-1
-1
0.006990758391248594
0.0052879572559908624
-1
-1
-1
0.006900330242790662
0.005540936731773874
0.004983786424967005
0.003980601552190763
-1
-1
-1
-1
-1
0.005290518723567331
0.003886068436635803
0.0037975669547999965
0.0037200674752657266
0.002986809491956279
0.002959446854262643
0.0019240850694512768
-1
-1
-1
-1
-1
-1
-1
-1
-1
0.0045143764953715255
0.004149321055775666
0.0023526750548983908
0.0026787436458093794
0.0028144897815607674
0.0015102024218956597
0.0015787299314869432
0.0016994592839313252
0.0015569564257880465
0.0012132220828486695
0.0011837157489034736
-1
-1
-1
-1
-1
-1
-1
-1
-1
-1
