-1
-1
-1
0.029200269921412912
0.027836802036933648
-1
-1
-1
-1
-1
-1
0.018681215291968617
-1
0.017286373554751242
0.016769563099917242
-1
-1
-1
-1
-1
-1
-1
-1
-1
-1
0.011457663517209959
0.009300614197480782
0.008335550725947018
0.006523231357388799
0.006000056652218298
0.0052095556652989065
-1
-1
-1
-1
0.006070375956862775
0.004741903489216155
0.003889105294898055
0.004021756015799145
0.0037783818646620207
0.0041903715190114476
-1
-1
-1
-1
-1
-1
-1
-1
-1
-1
-1
-1
-1
0.006177422652641932
0.0034177809011714617
0.003249713165324368
-1
-1
-1
-1
0.004524772072085108
0.002810387679630351
0.0029002616075953077
0.002743881837970096
0.0022709148647852063
0.0020480321551833405
0.0021408940390490955
0.001782333132027687
0.0018099547833283402
0.001705705462564351
-1
-1
-1
-1
-1
-1
-1
-1
-1
-1
-1
-1
-1
-1
0.00358340240657849
0.0025385518856590092
0.005597333542491291
0.0021271682472712885
0.0017806532806950196
0.0015327804359710879
0.0015218598642822738
0.002133399068858791
0.0021130199566451032
-1
-1
-1
-1
-1
-1
