0.033405315327161365
-1
-1
-1
-1
-1
-1
-1
-1
-1
0.020148995414403698
0.019572910639023472
0.018251244786914103
-1
0.01703250604659374
0.015298629904759302
0.013981969821958031
0.013068081507147127
-1
-1
-1
-1
-1
0.011576262849141221
0.009241300948224894
0.008610876362846262
0.0073998494728933165
-1
-1
-1
-1
0.008142162005984761
0.006355830083359342
0.005545674960779002
0.004904136789231998
0.004467398457359488
0.004242882678117157
0.004045476529037179
-1
-1
-1
-1
-1
-1
-1
0.006706238072365522
0.004710988482952626
-1
0.004070892002481562
0.0032256484763185677
0.0032635454589271195
0.0029793971369101308
0.0026207302660984887
0.0025331315856330907
0.0022775622559831395
0.0022238654433535225
0.00250613678900206
-1
-1
-1
-1
-1
-1
-1
-1
-1
-1
-1
-1
0.004814736510440022
0.0033449446504616605
0.003057371719326982
0.002222862965333006
0.0025266008025368
0.0018342087799117215
0.0018430757233409921
0.0016669056482928673
0.001724027424817476
0.001330570078628141
0.001128640189264347
0.0015268962916062244
0.0010318080855415135
0.0011824223430720922
0.0012518540371216245
0.0009006363381743156
0.0009677877104678235
-1
-1
-1
-1
-1
-1
-1
-1
-1
-1
-1
-1
-1
-1
