-1
-1
-1
-1
0.024833122717367637
0.02369346876402159
-1
-1
-1
-1
-1
-1
-1
-1
-1
-1
0.014398611808145369
0.013418950639866492
0.011695884949452168
0.01117251698229764
0.01057829826667502
0.010067111906167622
0.009724499873212866
0.00833149319564974
0.008004453794376271
0.007840491875603392
0.007557529752721657
-1
-1
-1
-1
-1
-1
-1
-1
-1
-1
-1
-1
-1
-1
-1
-1
-1
-1
-1
-1
-1
-1
-1
-1
-1
-1
-1
-1
-1
-1
-1
-1
-1
-1
-1
0.010411178082026339
-1
0.009749073289536142
0.008293208177830722
0.007159027318797402
0.006443349435120016
0.006384621293258829
0.006124707559073294
0.005511727746878121
-1
-1
-1
-1
-1
-1
-1
-1
-1
-1
-1
-1
0.008835731690397135
-1
-1
0.0083067841072743
-1
-1
0.008299906513578183
0.006849262248221281
-1
-1
-1
-1
-1
0.0072260976512287115
0.005918268687217622
-1
-1
