-1
-1
-1
-1
0.02809807680918674
0.026877298313152054
0.025236564822210945
0.02398776487171475
0.022600693926433664
0.021649481491609054
-1
-1
-1
-1
-1
-1
-1
-1
-1
-1
-1
-1
-1
-1
-1
-1
-1
-1
-1
-1
-1
-1
-1
-1
-1
-1
-1
-1
-1
-1
0.011455230311083654
-1
-1
-1
-1
0.01042676971313104
0.008920630319945274
0.008696426515388262
-1
-1
-1
-1
-1
-1
-1
-1
-1
-1
0.00899982549485005
0.0075559639803453454
0.007084700212024611
-1
-1
-1
-1
-1
0.007187529233805944
-1
-1
-1
-1
-1
0.007220626604959063
-1
0.007159476400601549
0.00525267354261862
-1
-1
-1
-1
0.006665526118260587
0.005027495824685457
0.004579075188253108
0.004187942309922312
0.0039127878171509225
0.003537833178825567
0.0037422199872844033
0.0032610576214744027
0.0034209514173332194
0.0034462651360747227
0.003273136906129174
0.0027823223593123145
0.0029543624897255313
-1
-1
-1
-1
-1
-1
-1
