-1
-1
-1
-1
0.026463523902988673
0.022317488659593397
0.023646046284744912
0.02104135216925676
0.020720163383579494
0.019430501060677053
0.018893101818878252
0.01773571903843031
0.016859131446458345
0.015899760614062907
0.01501646919133968
0.013839076127026015
0.013742134128148694
0.013469429351482773
0.01311640234145903
0.012424004718399885
0.011731389988409847
0.011125305987763822
0.010506303085569749
0.009664169790451987
0.00905805267673686
0.008379353130502361
0.007753773058827658
0.007075170992889949
0.006888596331677341
0.00648961022010722
0.00706606825911685
0.005499078204533212
0.0057352657580426085
0.005548173073506482
0.005475454762073836
0.004990849040686748
0.005150926574588494
