-1
-1
0.03348216664077889
-1
-1
0.02938132204561152
0.028376766606273817
0.027551830171519878
0.02669369130053072
0.025646599617778747
0.02452144151569432
0.023143307724569597
0.021872521007162894
0.020850180458818743
0.019879247350061042
0.019019207638553064
0.017800384568862425
0.015918973795114418
0.014326742686267593
0.012966517785675504
0.012210785565722703
0.011419495255646542
0.010726552937402685
0.010264680709721695
0.009884232414774916
0.00983280641400916
0.009568735423824217
0.008788534537212463
0.007656386384788232
0.0069238912361936685
0.005973401511263134
0.0062253908771607615
0.00561220765265071
0.005595304287221823
0.006106623574199839
0.006595039109771068
0.0067124774345220664
