-1
-1
-1
-1
0.02836220820041533
0.026090235766408013
0.024779997462719944
0.02295254184081491
-1
-1
-1
-1
-1
-1
-1
-1
-1
-1
-1
-1
-1
-1
-1
-1
-1
-1
-1
-1
-1
-1
-1
-1
0.010603998386325825
0.009290193011132578
0.008912400535519364
0.008113476209298523
0.007876535208901296
0.006687251140794835
0.006099393294030762
0.005863672228128948
0.005143311813852824
0.005133324799713044
0.004604338605099723
0.004666612843177927
0.004475903758850598
0.0038628190045676314
0.0035354419186598676
0.0034092219260721786
0.003254629261922201
0.0031042051343604434
0.0028014828122679726
0.0027048090147266607
-1
-1
-1
-1
-1
-1
-1
-1
-1
-1
-1
-1
-1
-1
-1
-1
-1
-1
-1
-1
-1
-1
-1
-1
-1
-1
-1
-1
-1
-1
-1
-1
-1
-1
-1
-1
-1
-1
-1
-1
-1
-1
-1
-1
-1
-1
-1
-1
