-1
-1
-1
-1
0.027414309842245917
0.025519822188786095
0.024089872905186247
-1
-1
-1
-1
-1
-1
-1
-1
-1
-1
-1
-1
-1
-1
-1
-1
-1
-1
-1
-1
-1
-1
-1
-1
-1
-1
-1
-1
-1
-1
-1
-1
-1
-1
-1
-1
-1
-1
-1
-1
-1
-1
-1
-1
-1
-1
-1
-1
-1
-1
-1
-1
-1
-1
-1
-1
-1
-1
-1
-1
-1
-1
-1
-1
-1
-1
-1
-1
-1
-1
0.011337793096899987
-1
0.011418289855122566
0.007954384521182094
-1
-1
0.009682122819125652
0.007326454796695284
0.00614434129106147
0.005584936439192721
0.0055629247674452405
0.005043116436472961
0.004248429556377232
0.0036818261034786697
0.003970658238178918
0.00397244981543294
0.003498950225700225
0.0033155358699815617
-1
0.0036759401985577175
0.0025728317106674826
0.0030834867029583875
0.002748033252411655
