0.03319694430866618
-1
-1
-1
-1
-1
0.021549513010405124
-1
0.019332926748470942
0.017589641880090188
0.016900287282317076
0.01580220636388344
-1
-1
-1
0.01325279649755043
-1
-1
0.011049476314061847
-1
-1
-1
0.010162187767628065
0.008602229771965068
0.007700737288867121
0.007303961843947748
-1
-1
-1
-1
-1
0.00695031515491501
-1
0.0060126326617047435
0.004866148820364282
-1
-1
0.005924729992179083
0.0050351725660491885
0.004238069359099416
0.003393470678859703
0.003037509859223554
0.0029996159571746305
-1
-1
-1
-1
0.003671289755690248
0.002663942421259797
0.004080098233381337
-1
-1
-1
-1
-1
-1
0.004059304439427609
0.0032287547334734373
0.0028086380477947864
-1
-1
0.003374114026661621
0.0023349558707172822
0.0020388082081127636
0.00207787095711197
0.0013875559494033107
-1
-1
-1
-1
-1
-1
-1
0.00353114038013604
0.002196056942022414
0.0019164039943989238
0.0018474039730333339
-1
0.0022776648716556318
0.002275344303389426
0.001330027805517563
0.0014645903607031173
0.0012532451132369266
-1
-1
-1
-1
-1
-1
-1
0.002521589845151405
0.0018163019035486387
0.0017647106822453024
-1
-1
0.0016401330346853557
-1
-1
0.0016408209968191074
0.0011030297796618147
