0.03138408493952863
-1
-1
-1
-1
-1
-1
0.021628413979412193
0.02002665106227197
0.018236196618961902
-1
0.017856035818959483
0.015789389513981407
0.013810783956380463
0.013979599709142688
0.01222400927458032
0.011376647129521121
0.009444836793296855
-1
-1
-1
-1
-1
-1
-1
-1
-1
-1
0.00923058115868851
0.008416999765476161
-1
0.008338045385035835
0.006794932651830105
0.006403450926020073
0.005943117496729753
0.005027785987544745
0.004748815251932324
0.00441298002253422
-1
-1
-1
-1
-1
-1
-1
0.005500119885085301
0.004774780227690668
-1
-1
-1
-1
0.006404620884538125
-1
0.005843595501630695
0.004894661386388636
0.00414437234361574
-1
-1
-1
0.0047977115116224255
0.003453394482029298
0.0033560502438185675
0.003130833890884312
0.003084564227042335
0.0034929482664250813
-1
-1
-1
-1
-1
0.004570131840542146
0.002901715350201892
0.0027573930343723382
0.002779846813001367
0.001972336609658904
0.0013793799604825956
-1
-1
-1
-1
-1
-1
-1
-1
0.003364274945926035
-1
0.002817396501905186
0.002426609542067004
-1
-1
0.0020293227855878574
-1
0.0032483617990834495
0.0014743518916960252
0.0011917382388424188
0.0010114135680874036
0.0009187513069940239
0.0009245203786631595
0.0014392753467766344
0.0007732616467869555
