0.031584122059119014
-1
-1
-1
-1
-1
0.019635455865059458
0.018478493359837218
0.017535899633908794
-1
0.015612921466792587
0.013648155059692635
0.012812499489879958
0.010506287304154278
-1
-1
-1
-1
-1
-1
-1
-1
0.008629035919795941
0.008009891576358001
0.007378632387649404
0.006832394395431463
0.005648140544003814
-1
-1
-1
-1
0.006143370454954187
0.004888343694109986
-1
-1
-1
-1
0.005729536270301272
0.004892335810365468
0.004352706717327237
0.003781320175060826
0.0030147287551055314
-1
-1
-1
-1
0.003960689928477807
0.002651119194279024
0.0027110321714073748
0.00262633443735268
0.002354867212698679
0.002077529195825277
-1
-1
-1
-1
-1
-1
-1
-1
0.003779882143326376
0.0025060998840107968
0.002566444068589676
-1
-1
-1
-1
0.0029860324114153202
0.0025278466655090995
0.002220532074774595
0.002761631465455803
0.0020098877329732816
0.002860666809426824
0.00180509015645859
-1
-1
-1
-1
-1
-1
0.0037097107646239065
-1
-1
0.0028052588306149862
-1
0.0021901395250057435
0.00265155952410215
-1
0.0021701539766356133
0.0017034792422867605
-1
-1
-1
-1
0.0025190893135774526
-1
0.001944691710595558
0.0019920172264976223
0.0008191628254572759
0.0008641284879638616
