0.03248285133188421
-1
-1
-1
-1
-1
-1
-1
-1
-1
0.01763454142483798
-1
0.01568958515470678
0.014692217653447932
0.01348128668828444
-1
-1
0.011199622051282361
0.009872502833604812
0.009128546498038553
-1
-1
0.008782677601684222
-1
-1
0.007829333729364656
0.006362734567712653
0.0063305481218478895
0.005920568091625517
0.005097596278922124
0.005657750716940923
0.004934419887817719
-1
-1
-1
-1
-1
-1
-1
0.005729427717626095
0.004610655172643336
0.004270421509038318
0.005044499969617887
0.0032554113704033874
-1
-1
-1
-1
-1
-1
0.004917307584969835
-1
0.004108330213718794
0.003143001253631982
0.002551630005579103
0.003924863297830928
0.0025693894540044396
0.002284124828536402
-1
-1
-1
-1
-1
-1
-1
0.004146996889940717
0.0036967242969708006
0.0028023980835622008
0.0031984448636120017
-1
-1
-1
-1
0.003968780667267063
0.0032363547147674994
0.0028842801627787674
0.0037443573894825844
-1
-1
-1
-1
-1
0.0040182811841368675
0.0023324954096566545
-1
0.001737978717735545
0.0018418614916842094
0.0013473592075434599
0.0010571873877197504
0.000936892404559661
0.0008073926437646151
0.0007249700006266886
-1
-1
-1
-1
-1
-1
-1
-1
