-1
0.030669017510075513
-1
-1
-1
-1
-1
-1
-1
-1
-1
-1
-1
-1
-1
0.015516721795764679
-1
0.012529825637613491
0.011136281256895088
0.01038287331211763
0.009146569296140097
-1
0.008786763325695128
0.00814668272407558
0.007005749944243481
0.006740577368731436
0.006722693132372323
0.006217150142135681
0.006157933957676172
-1
-1
-1
-1
-1
-1
-1
0.0074540241210242
0.006017517435981312
0.0051010127299292995
0.0047842103949894445
0.005187754338092054
0.004339398001048728
0.004023045247427106
0.003842897007790175
0.003600170185902229
0.0028406062855561246
0.0024800174609303587
0.002318752469760637
0.0025988237351284695
0.0022481825067657392
-1
-1
-1
-1
-1
-1
-1
-1
-1
-1
-1
-1
-1
-1
-1
-1
-1
-1
0.005057365382382736
0.00426346956655717
0.0037613890061467636
0.0031429767024895613
0.002660186805253656
0.002525934621363067
0.00369909596754009
-1
-1
-1
-1
-1
-1
-1
-1
-1
0.003650265576393552
0.0036520622331468232
0.0029779622549653607
0.002429771842827465
-1
-1
-1
0.0033584341665994577
0.003247512341984806
0.0021981911781110146
0.002179417509130105
0.0016206134481844354
-1
-1
-1
-1
