-1
-1
-1
-1
0.01840146342697351
0.017731418752151985
0.015554917895275614
0.014730885624885559
0.013869445868160413
0.01420088834736658
0.013842893812967383
0.014327271477035854
0.014187937650991522
0.013677153315233148
0.012895196465694387
0.011150054325876027
0.010041352750166602
0.009570692722564158
0.008501452393829823
0.00837370538679154
0.007739381520482509
0.0071141565137583275
0.0072556400428647585
0.006155731804344965
0.005098222949258659
0.004489824473452956
0.004744443518069128
0.003984483539977151
0.004650780406740049
0.004106689171622629
0.0043273721011760444
0.004132522432052571
0.004405525863251609
0.004616804813723201
0.004647815389477688
0.003986191852828083
0.0033048873807749023
