-1
0.02907330638147405
-1
-1
-1
-1
-1
-1
0.021017477007661288
0.01967832235997664
0.018564544098587328
0.016590245073782532
0.016171330950040926
0.013631599659093038
0.013040817477579776
0.010780950936834932
0.009913557777859242
0.0087180000869022
0.00814809562688358
0.0074695885880811
0.006856304545926066
0.006656741314492692
0.006572484747074916
0.0055654372220637705
-1
-1
-1
-1
-1
-1
-1
-1
-1
-1
-1
-1
-1
-1
-1
-1
-1
-1
0.007489730467952046
-1
-1
-1
0.006738674192523434
0.00507461233135898
0.0043076322096292025
0.0037542468184757786
0.0036261800532960743
0.003467565172981253
0.0031711032112767754
-1
-1
-1
-1
-1
-1
-1
-1
-1
-1
0.004837764777895241
0.003996698940237466
0.0034067337055087546
0.003172754941033592
0.0024091254498040614
0.002470787583316865
0.002019674124323738
0.002394964746146024
0.0016505196736947103
0.0018002130232137625
0.001605820529416232
0.0012825050769718115
0.0044975551339918995
0.001678724966105163
0.0020736392133135946
-1
-1
-1
-1
-1
-1
-1
-1
-1
-1
-1
-1
-1
-1
-1
-1
-1
0.00501837781862395
0.002720408725027723
0.0024980927749280015
0.0016354925196659768
0.0017426753115304565
