-1
-1
0.0321334447216624
-1
-1
0.02819118795831219
0.027373050578539147
0.02603964361489988
0.024890279536153755
0.023884152742772318
0.022736395976642117
0.02152698228302085
0.020346457740060643
0.01914136985028751
0.01807129146097013
0.016996249861706836
0.01569483561648263
0.01487471737892799
0.013929043408312828
0.01308252693099134
0.012323551318224739
0.011418668823499305
0.01038695446302818
0.009704293586589672
0.009367646186050507
0.00923706498605753
0.008920402378493144
0.008408522972743755
0.007540099802457429
0.007790501971276627
0.006926869838813032
0.006595770520419856
0.007075154928648784
0.005682159694569076
0.0055236296845936825
0.004877798770674077
0.005692448023877112
