0.03245109763100883
-1
-1
-1
-1
-1
-1
-1
0.02033078397545859
0.018801133031042937
-1
0.017636913685041052
0.016434028711274404
-1
0.015313665866851808
-1
0.013943783546162542
-1
-1
0.01179331228554806
0.010788281972163192
0.0099689074153098
-1
-1
-1
-1
-1
0.009194041964049651
0.007546817302425331
0.006130510972482022
0.006579493651880282
0.005832356727360008
0.005098567507534384
-1
-1
-1
-1
-1
0.004809083398083382
0.004327775681408766
0.0037262073479523167
0.002948531969842092
0.0029149341603271037
0.002810749404271629
0.0030256505730065788
0.0022690406598359627
0.002033585011697958
0.0020522351813650574
0.00176997345080164
0.0017786718116829469
0.0014956892759182326
-1
-1
-1
-1
-1
-1
-1
-1
-1
-1
-1
-1
-1
-1
-1
-1
0.0049045548704670415
0.003269392351193406
0.0031841323180037124
-1
-1
-1
-1
-1
-1
0.00486257582450303
0.0036819536063959386
0.00203758943677993
0.0015902956440679242
-1
-1
-1
-1
-1
0.0028241928868761685
0.002053854515967525
0.0016601061807275167
-1
-1
0.0033399572923222434
0.0014279614155024082
0.0020045669183622454
0.0008399714295378077
-1
-1
-1
0.0033660542320843056
0.0016840627403042028
0.0009040099443328158
