-1
-1
-1
-1
0.017229099809068494
0.016526406726478475
0.014982741879942143
0.014107313943383968
0.012486376633158826
0.012328667922225674
0.011616666293579393
-1
-1
-1
-1
-1
-1
-1
-1
-1
-1
-1
-1
-1
-1
-1
-1
0.011927436754587559
0.006588942887966183
0.006982179778160329
0.006153160525267981
0.005759587127494366
0.006026210567699662
0.005700127052159185
0.004742551765526209
-1
-1
-1
-1
-1
-1
-1
-1
-1
-1
-1
-1
0.004468039509440567
0.004517928567357372
0.004448925881514641
0.004673037245901573
0.0027719034382195696
0.0034166645761820897
0.00243317225994304
0.0023254431897928355
0.0016648110293949402
0.0021966697472900736
0.0017917867667253946
0.0018028499228405328
0.0031689752748486144
0.0017733892178680194
0.0016510974150696308
-1
-1
-1
-1
-1
-1
-1
-1
-1
-1
-1
-1
-1
-1
-1
-1
-1
-1
-1
-1
-1
-1
-1
-1
-1
0.00521387431108129
0.0025015308148694545
0.00291193729709907
0.0021977902205668797
0.002962626616591374
0.0018601634891324344
0.0020373912063051305
0.0016144243913999187
0.0021016534951230435
0.002360822755890413
-1
-1
-1
