0.034413626321803184
-1
-1
-1
-1
-1
-1
-1
-1
-1
-1
-1
-1
0.017957885736899104
0.015565711215771941
0.015160518179539171
0.013630179479690665
0.01216170880909107
-1
-1
-1
0.011007737628633565
0.009124141281501642
-1
0.00851737094316597
0.006249539459093221
0.007086720587530771
0.0060994099997769
-1
-1
0.006313755713031385
0.005691548763273383
0.005408499104809188
0.004470025095227906
-1
-1
-1
-1
-1
-1
-1
0.0072868407041164944
0.0048190979331786885
0.0046158900398368535
0.0032823769635625887
-1
-1
0.003819650731457469
-1
-1
-1
0.005507106888977305
0.004114091180457756
0.003026820035813146
0.003182499833721771
-1
-1
-1
-1
-1
0.0036480085548984366
0.0027995830478384233
0.0023547840513832964
0.002183225990381512
0.001839214925225583
-1
-1
-1
-1
-1
-1
0.004469150810221868
0.002927299046134938
0.0021501622822087487
-1
-1
0.0027775006781912332
0.002237694642838786
0.0016436864644316562
0.0016315684020312678
-1
-1
-1
-1
-1
0.002819059329372512
0.002215498605271364
0.002394690125657318
-1
-1
-1
-1
0.0025466230171155907
0.0019199971467697245
0.0013680734327785988
0.0016415556662073858
0.001440782274262439
0.0010762692244926575
0.0014602535831192837
0.0011387282563287372
