-1
-1
-1
-1
0.024621319139704986
0.023759792341905478
0.021630798017277436
0.020747124657911415
0.0199059076870189
0.017878493982202866
0.01799515005420236
-1
-1
-1
-1
-1
-1
-1
-1
-1
-1
-1
-1
-1
-1
-1
-1
-1
-1
-1
-1
-1
-1
-1
-1
-1
-1
-1
-1
-1
-1
-1
-1
-1
-1
0.010159382162725224
0.00882694167578045
-1
-1
-1
-1
-1
0.009068200960207511
0.007321920544730828
-1
-1
-1
-1
-1
-1
-1
-1
0.009741154035882039
0.006707809878348865
0.006013131840428447
0.005387159137000494
0.005366249298129012
0.004215406867511132
0.0037316518167362493
0.003664092130356414
0.003546918313128545
0.0029051141180645892
-1
-1
-1
-1
-1
-1
-1
-1
-1
-1
-1
-1
-1
-1
-1
-1
-1
-1
-1
-1
-1
0.008106721068239387
0.006015270821448854
0.004859273844905307
0.004077823881730985
-1
-1
-1
