0.03692268704308404
0.036836252212524415
0.03673543213738335
0.03653499717712402
0.03629373319413927
0.03598776698642307
0.03559527797698975
0.03527341476016574
0.03510004092322456
0.03494627757602268
-1
0.03629477411905925
-1
0.03615235652923584
0.03571509797837999
-1
-1
0.031871237240897285
0.030719932042227848
-1
-1
-1
-1
0.03612314848370022
0.03601089868545532
-1
-1
-1
0.03573241092893812
0.03373985867500305
0.03245838500658671
0.03170746243794759
0.031215790499581227
-1
0.030039033386442395
0.03597368885676066
-1
-1
-1
0.034818004290262855
-1
-1
-1
-1
0.029405855735143024
-1
-1
0.03597988129721748
-1
0.03445410284466214
0.03334307523303562
0.031581748565038044
-1
0.029438474554485745
-1
-1
0.03527491383022732
0.03463446497387356
0.033254177845848935
-1
-1
-1
-1
-1
-1
-1
-1
-1
0.03617640395694309
-1
0.035092236847347684
-1
0.03319524685541789
-1
0.031293974908192954
0.030252547189924452
-1
0.03615164451599121
-1
0.03600636047787136
-1
0.03571232770284017
0.03539630977842543
0.03459008526272244
0.033320494296815655
0.031789838584264124
-1
-1
0.03628238087760078
-1
-1
0.03622324735853407
0.03590776598188612
0.035250584379831945
0.034266061788135106
-1
-1
0.030661124091678194
0.02996005656454298
0.03587484709421793
-1
-1
-1
-1
-1
0.03551096913019816
-1
0.035156782690684
-1
0.0334523382557763
-1
0.03219460621409946
-1
0.03045948881043328
-1
0.03562315185334947
-1
0.036303625551859536
-1
0.03540151949988471
-1
-1
0.03296311294237773
0.032094918828540375
0.0312198812590705
0.03017479216257731
-1
-1
-1
-1
-1
-1
-1
-1
-1
-1
0.04092401303185357
0.040923723326789015
-1
-1
-1
-1
-1
-1
-1
0.04159184625413683
-1
-1
-1
0.04156741417778863
-1
-1
-1
-1
-1
-1
-1
-1
-1
0.0415550963083903
-1
-1
-1
-1
-1
0.04085347705417209
-1
-1
-1
-1
-1
-1
-1
-1
-1
