0.03444056220281692
-1
-1
-1
-1
-1
-1
-1
-1
-1
-1
-1
-1
0.017572025946208412
0.015656792845044818
0.015024896814709617
0.013751591858409701
-1
0.012900769906384604
0.010704922627835047
-1
-1
-1
0.011960759128843035
0.011314646823065622
0.008811072177830196
-1
0.008235661539293471
0.008363678486574265
-1
0.007998740546760105
0.007375981488398143
0.00659282532050496
-1
-1
-1
-1
-1
0.006025771609906639
0.006494363974957239
0.004213567272859759
-1
-1
0.004762102578633598
0.0041623120646746385
0.00395182816515721
0.00457924778200686
0.004722815271644365
0.0037517284112317225
0.0041045821287802285
0.0026162914651490393
0.0024463468782071557
0.002322992738425022
0.002518665358202443
-1
-1
-1
-1
-1
-1
-1
-1
-1
-1
-1
-1
-1
-1
-1
0.005985556447745434
-1
0.005682665759786254
0.004175767855984824
0.00377964558274973
0.003234554962133102
0.0029593054507637308
0.0026722840918006288
0.002715826356916555
0.002227376387521092
0.0028503539264645604
0.002060551755884219
0.0019218959000981636
0.0013958714038710153
0.0014079773287743419
0.001266734839516825
0.001141448009781362
-1
-1
-1
-1
-1
-1
-1
-1
-1
-1
-1
-1
-1
-1
