-1
-1
-1
0.029263777598674164
0.026975616154732644
0.02499226504590088
0.02324095330971144
0.021964349117113917
0.0205377734326697
0.019883636233610506
0.01888159131590938
0.01752153509881073
0.016039748038306382
-1
-1
-1
-1
-1
-1
-1
-1
-1
-1
-1
-1
-1
-1
-1
-1
-1
-1
-1
0.009648330832652152
-1
0.00927768142055317
0.007390017559937326
0.007208921393839184
0.006486667542077311
0.005241622443883418
0.006023502866717385
0.0044621228058499916
0.004030359682155314
0.0038079682543563343
0.003601004768317178
0.003549917720311656
0.003162318462940856
0.003030801009353013
-1
-1
-1
-1
-1
-1
-1
-1
-1
-1
-1
-1
-1
-1
-1
-1
-1
-1
-1
-1
-1
-1
-1
-1
0.007384718899984009
-1
-1
0.006098931072530784
0.005043985026493443
0.004006966926334869
0.0038483610109615574
0.0040863034110294565
0.003248395650693945
0.0033780756634277055
0.0023681847944057415
0.0020204349629101203
-1
-1
-1
-1
-1
-1
-1
-1
-1
-1
0.0049021218776364225
-1
-1
-1
-1
0.00457311880612772
-1
