0.03384085541471429
-1
-1
-1
-1
-1
-1
-1
-1
0.018767474025761316
0.017501379415529584
0.016695254811453165
-1
0.015181618075852
0.013731916421050325
0.012113994578702734
0.010351029782120241
0.010532607288535582
0.009345280057793363
0.009027524978742688
0.007778278758766455
0.00757042334714067
0.006808821378497903
0.006380271368890728
0.0058023447891987785
0.005679047048912136
0.004461215947062598
0.0046668719630175775
0.004342603653395942
0.004353734250735799
0.0037907457843833012
0.003994300269752467
0.003354876513738151
0.0023596714806119238
0.0034450230535564073
-1
-1
-1
-1
-1
-1
-1
-1
-1
-1
-1
-1
-1
-1
-1
-1
-1
-1
-1
-1
-1
-1
-1
-1
-1
0.006797153497234397
-1
-1
-1
0.007039800606531288
0.005208501367735753
0.004772848536798714
0.0032233975921680622
-1
-1
0.00341627012340164
0.0025456838784824816
-1
-1
-1
-1
-1
0.004350558474249797
0.0031319108043173587
0.0028907371601175277
0.002116544512912221
0.002224349202118267
-1
-1
-1
-1
0.003139305071085008
0.0017503227503679762
0.0016910978343440304
-1
-1
0.0027343110825627224
0.0010899138142175357
-1
-1
0.0017523315181494307
0.0014083754120035729
0.0013016667344325453
0.0014546154905431007
0.0008781789220151825
