-1
-1
0.0343950227261633
-1
-1
0.02926777896004641
0.028497240632055103
0.02697382875813958
0.026045666846978587
0.024670962823037247
0.02375399204260411
0.02223900133984355
0.02073637149918262
0.019206959406969586
0.018102786525333998
0.017025265860609727
0.015789254326006516
0.01479262872650013
0.013567624203616211
0.012757504625445644
0.011868211312354002
0.011077655456487407
0.00991161734892842
0.00919885037413898
0.009315020412500109
0.008343733116348541
0.007958942270252846
0.007587962228340185
0.007487360214411039
0.006815860465299379
0.006427718147928918
0.005312275077487368
0.005231067871662668
0.005101783921294061
0.004410896463731316
0.004757775810977171
0.005149301946676729
