-1
0.030495666856525324
-1
-1
-1
-1
-1
-1
-1
-1
-1
-1
-1
-1
-1
0.016244222536808302
0.014572132259857755
0.014163381130505009
0.012571023786518755
0.012457401693618598
0.010661954896039322
-1
-1
-1
-1
-1
0.00989784749553484
-1
0.009385717564708546
0.008169660164716364
0.007324027454777927
0.007190870266689473
0.006554706272583048
0.005755428795334922
0.00518849269299134
0.00515223353349862
0.005305093018525914
-1
-1
-1
-1
-1
-1
-1
-1
-1
-1
-1
0.0064580542528453995
-1
-1
0.006513420002096717
0.005496833933626904
0.004740883244060669
0.00422944422427784
0.0036621179852337274
0.003594098619122778
-1
-1
-1
-1
-1
-1
-1
-1
-1
0.00533606438827114
0.00432070546720897
-1
-1
0.003998342951556213
0.0031868271115862083
0.003358960653334355
-1
-1
-1
-1
-1
-1
0.005128709334066185
0.003114291823746934
0.003578268334723446
0.002629403704425179
-1
-1
-1
-1
-1
0.0042585069843873126
0.003706351822602148
0.0027586671539402306
-1
-1
-1
-1
-1
0.003321091641726739
0.0033967313260826115
0.0026531049285177925
-1
