-1
0.02502152640622774
-1
-1
-1
-1
-1
-1
-1
-1
0.016443018835474114
0.015309939943897519
0.014218130536134322
0.014595469065911483
0.014226524099965013
-1
0.01279585934646299
0.011822630399248192
-1
-1
-1
-1
-1
-1
-1
0.009772887273965093
0.008834235904284265
0.007817653527987438
0.007690575391576123
0.006795752380264927
0.006364558138768412
-1
-1
-1
-1
0.006143556200611386
0.004829787219483083
0.005699928588235675
-1
-1
-1
-1
0.005466554556739107
0.00538154803073452
-1
-1
-1
0.006220839044924704
0.005479603209988628
-1
-1
-1
0.005458683579679285
0.005781505458729946
-1
-1
-1
-1
0.004497491305688621
0.004157266835994918
0.004531369341341618
-1
-1
-1
-1
0.004170718677511757
0.004119203664315954
-1
0.004027282609291475
0.002935319253996072
0.003052738825960403
0.0022765863488380033
0.002454231468327844
0.002173869224174052
-1
-1
-1
-1
-1
-1
-1
0.005101273301765394
-1
-1
0.0031388680589601627
0.002651887880450547
0.0023660141219887273
0.00198193732863596
0.0021676806661509508
0.0020009364501077987
-1
-1
-1
-1
-1
-1
-1
0.004327539846143773
-1
0.0031520205965952057
