-1
-1
0.027779091609703314
-1
-1
0.02392040973181253
0.023654538864617818
0.023683389071579818
0.022128040417210088
0.020675757438926905
0.02000026856968691
0.019062905293572078
0.017710006895301108
0.01674159033039769
0.015573652284322205
0.014781714114514026
0.013979070106889683
0.013174730154511692
0.012090236818325798
0.01128267570982104
0.010429272659680714
0.009578846820430564
0.009093950268131895
0.008297041937200976
0.008099999203689518
0.007600655346938695
0.007036993107604948
0.007005199616474923
0.006575566417132094
0.006300648957187729
0.005815929637564305
0.00574015380896546
0.005215562743398331
0.005348884340280994
0.006434397268950795
0.004896418301153231
0.004523825845482841
