-1
-1
-1
-1
0.0264843270826752
0.02342396819969419
0.02277757142394008
0.02099733775218557
0.020656339201528675
0.01946372126983291
0.017776381351075187
-1
-1
-1
-1
-1
-1
-1
-1
-1
-1
-1
-1
-1
-1
-1
-1
-1
-1
-1
-1
-1
-1
-1
-1
-1
-1
-1
-1
-1
-1
-1
0.009510616829312844
0.008240265480272194
0.007675533259679329
-1
-1
-1
-1
-1
-1
-1
-1
-1
-1
-1
0.00828388610704445
0.007064005387383338
0.0065900647733628925
0.005788114853471689
0.005492915602009046
0.005087924152290615
0.0049888755847037015
0.004807517277908858
0.00487874270865012
0.004716714422865328
-1
-1
-1
-1
-1
-1
-1
-1
-1
-1
-1
-1
-1
-1
-1
-1
-1
-1
-1
-1
-1
-1
-1
-1
0.007542322868594004
0.00636545008569097
0.006861420554948987
0.005937869817834423
0.00514157663934169
0.004610962266107801
0.004232684399943358
0.004466234639780837
0.0029914127784225588
0.0031662046608732478
