-1
-1
-1
-1
-1
-1
-1
-1
-1
-1
-1
-1
-1
-1
-1
-1
-1
0.035824843608008486
0.03573554057015313
0.035508167690700955
-1
0.03436701996061537
0.03281388217608134
-1
-1
0.03019053227636549
0.029487295717663238
-1
-1
-1
-1
0.03602589509752062
-1
0.033032817443211876
-1
0.031906760507159765
-1
0.03066879529953003
-1
-1
-1
0.03638153996997409
0.03610132361518013
-1
0.03486521395577325
-1
-1
-1
0.03021437344551086
-1
0.03559189546373155
0.035046003850301106
0.03403250207371182
0.03270895588133071
-1
-1
-1
-1
0.029259548976686263
-1
-1
-1
-1
-1
-1
0.03634399441613092
0.035813562361399334
0.03488386354446411
-1
-1
-1
0.0323390112347073
-1
0.030785919035805596
-1
-1
0.035825238906012635
0.03576788249545627
0.035725647968716086
-1
-1
-1
0.03421424952083164
-1
0.0318284584734175
0.035589897855122885
0.03534392913182576
0.03589276336034139
0.03586445401509603
-1
-1
0.035508974435594344
0.0345635717286004
-1
0.03174390778011746
-1
0.030067689763175115
-1
-1
-1
-1
-1
0.03598308040830824
0.03579629753960503
0.03567451362609863
-1
0.034949436855316166
-1
-1
0.032879158629311456
0.03153407004144457
-1
0.035618851841820606
0.03590326317681207
-1
0.035672306855519614
-1
0.03484464724328783
0.03344372034602695
0.03236013786527846
0.031759269179238214
0.03130442966355218
0.030497891187667846
-1
-1
0.035437554380628795
-1
0.0329156102180481
-1
-1
-1
-1
-1
-1
0.0409599404864841
0.040964246537950305
-1
-1
-1
-1
-1
-1
-1
-1
-1
-1
-1
-1
0.04117117744021946
-1
-1
-1
-1
-1
0.041109878010219994
-1
-1
-1
-1
-1
0.040959695710076224
-1
-1
-1
0.04088019381629096
-1
0.04087694496578641
0.04087435997856988
-1
-1
-1
-1
0.040911189926995176
0.040961674690246586
