-1
-1
0.04086201487647162
0.04086438666449653
-1
-1
-1
0.040835304048326276
-1
-1
0.04084045600891113
-1
0.04084284941355387
-1
0.04083600997924805
-1
0.04081356853908963
0.04079603788587782
0.04078661749098036
-1
-1
0.041433937814500596
0.04142535930209689
-1
-1
-1
0.04144501145680745
-1
0.04142173692915174
-1
0.04086503982543945
-1
0.04086339261796739
-1
0.040904377195570205
-1
-1
-1
0.040926074663798016
0.04092109574211968
-1
-1
0.04092732196384006
0.040916640811496305
0.040938877953423394
0.04081073156992594
