-1
-1
-1
0.025629082201778747
-1
0.024246031428176263
0.02212454072086941
0.02112765374489465
0.019532241305942492
0.018294940425211348
0.017443087888160395
0.016700116160929628
0.015905950414879588
0.015096893191620742
0.014435521950347974
0.013938024788740977
0.013331346542988141
0.012941983703196474
0.012282975694062875
0.011811496030689702
0.010882283460499272
0.009979383466928985
0.008736181329944637
0.007922587244640903
0.007062299992013148
0.007088895832274702
0.006958287975567254
0.00661089665603751
0.006400787625063627
0.006395061834407815
0.006008925566763889
0.005319991757354374
0.004892526858988397
0.004471106203427791
0.004157344610242266
0.00442255206069867
0.004026964773156298
