0.034869692213698844
-1
-1
-1
-1
-1
0.02347793845923799
0.022164620754951174
0.02068554341577881
0.019459832338649875
0.0178768868695958
0.016581169287220233
-1
-1
-1
-1
0.012334568895372672
-1
-1
-1
-1
-1
0.009915910080236647
0.00935489917274847
0.008101105020257111
0.007464182348619299
0.006393260666797953
0.0058919625995606725
-1
-1
-1
-1
-1
0.006495711913782874
0.0061582718232801245
0.005558762237066504
0.005641943621129766
0.004719381515837748
-1
-1
-1
-1
-1
-1
0.005133410395267639
-1
-1
0.00546280549879485
0.0041371996326217365
0.003776567330456168
-1
-1
-1
0.004630416023817303
-1
-1
-1
0.004733381792734838
0.0037541916449335727
0.0028604229231321316
0.00295304270084638
0.002528464077343149
0.002180331170606
0.0020277256797494817
-1
-1
-1
-1
-1
0.003056481874477293
0.0023746453766922875
0.00227302332654165
0.0019113523134161527
-1
-1
-1
-1
-1
-1
0.003343439822687031
0.002158874295994855
0.0020740496767987413
0.0021421549915729447
0.0017897641937675405
0.0017892185075793563
0.0010604652441241224
0.0010551598420642343
-1
-1
-1
-1
-1
-1
0.0022791885784306035
0.0016379322690236978
0.0011494086159726047
0.0008524077571676338
0.0008976636883980907
0.0011327708368643527
0.0010080161388452411
