0.0371347452375624
0.03684862876468235
0.036538300556606715
-1
-1
0.03532399688296848
0.0345081463072035
0.033555538834465874
0.032729047054714626
0.032119610457950164
-1
-1
-1
-1
-1
-1
0.03418767448001438
0.03265079356829325
0.02795921770201789
0.022315710838635764
0.018897767419285245
-1
0.018033527485529582
-1
-1
-1
-1
-1
-1
0.03524331271913316
-1
-1
0.03489397855864631
0.025510804661115008
-1
0.017292798111173843
0.01660321751170688
-1
0.016532596537801956
0.016117506784862942
0.034463252835803565
0.0319231332567003
-1
-1
-1
-1
0.02114851660993364
0.01776291544172499
0.016566002122561138
-1
0.036487323453691274
0.0359908979733785
-1
-1
0.030162128517362805
-1
-1
0.020025109140078226
0.017366410485903424
-1
-1
-1
-1
0.02632713349395328
-1
-1
-1
-1
-1
-1
-1
-1
-1
0.03330913672977023
-1
-1
-1
0.02578360140323639
-1
-1
0.019320416601498924
0.0167828426917394
-1
-1
-1
-1
-1
0.03478341296513875
-1
-1
-1
0.023127492854330276
-1
-1
0.03462304889890883
0.03427732662624783
-1
-1
0.03310065322981941
0.02781387707922194
0.02077070448928409
0.01841919275654687
0.01712469519774119
0.016468948133786517
0.03118312855296665
-1
-1
-1
-1
-1
-1
-1
0.0349253666083018
-1
-1
-1
-1
0.022109843911064995
-1
-1
-1
-1
0.03334732146792942
-1
-1
0.030269087182150947
-1
0.020692988973193698
0.017671145749092104
0.016734552868207294
-1
-1
0.03453069411913554
0.027983787073029412
0.02011201048956977
-1
0.017493751520580716
0.040975907113817
-1
-1
-1
0.04096467526753743
0.040957216050889755
0.04096399593353272
0.04095874214172363
-1
-1
-1
0.04126462438371446
-1
0.04126347478230794
-1
-1
0.04125274594624837
-1
-1
-1
-1
0.04129445764753554
0.04128494866689047
-1
-1
-1
0.04124342017703586
0.04123141426510281
-1
-1
0.04093143537309435
0.040925102127922906
0.04093146302964952
0.0408975715637207
-1
-1
-1
-1
-1
-1
-1
-1
-1
-1
-1
