0.03632511588762391
-1
-1
-1
-1
0.025897219495953253
0.02452885825678987
0.02275961162909022
0.021908035953089874
0.020131186820426077
0.01874689981622516
0.017327536181458887
0.016041141557243635
0.014836118136936763
0.013555608976562068
0.012503860179545745
0.011453959705694667
0.010593409324592015
0.009796540357594221
0.009233106231352069
0.008773450550605666
0.008380663874295523
0.007653631805530135
0.007155769086390171
0.006999727321683236
0.006202890109622254
0.005357968734823308
0.005077217082791733
0.005079982373512016
0.004926101951947752
0.0038759571665300517
0.0038285629317726727
0.0036055951259749116
0.004016474011301432
0.003807674177553294
0.0037046573159970203
0.003840862227217206
