-1
-1
-1
-1
-1
0.023499552757419342
0.021914130170442903
0.019856341627606175
0.019193990293302033
0.01709330814797976
0.016933819294324397
-1
-1
-1
-1
-1
-1
-1
-1
-1
-1
-1
-1
-1
-1
-1
-1
-1
-1
-1
-1
-1
-1
-1
-1
-1
-1
-1
-1
-1
0.010895176981276239
0.008564916539566907
0.00790603990824512
0.007057545364055543
0.007315877797245457
0.006105040287468256
0.005161107297066316
0.00495783850409047
0.004684970460761317
0.004426436509041127
0.004134793309304231
0.004042479544823542
0.004115707372255318
0.0043985658890992535
0.0038932106991391084
0.004092180601059737
0.0038095523945698567
0.003739477886221976
0.003806016440448836
0.0036614968260336254
-1
-1
-1
-1
-1
-1
-1
-1
-1
-1
-1
-1
-1
-1
-1
-1
-1
-1
-1
-1
-1
-1
-1
-1
-1
-1
-1
-1
-1
-1
-1
-1
-1
-1
-1
-1
-1
-1
-1
-1
