-1
-1
-1
-1
0.027926421835577697
0.026174941535532122
0.023969205667281293
0.022471325161189017
-1
-1
-1
-1
-1
-1
-1
-1
-1
-1
-1
-1
-1
-1
-1
-1
-1
-1
-1
-1
-1
-1
-1
-1
-1
-1
-1
-1
-1
-1
-1
-1
-1
-1
-1
-1
-1
-1
-1
0.011785220186165452
-1
0.010781896225116133
0.00819021603533414
0.00811657366072814
0.007826387094190488
-1
-1
0.00778989069523378
-1
-1
0.007792921838234868
0.006409770867528294
0.005802923916238388
0.005710883166629975
-1
-1
-1
-1
-1
-1
-1
-1
-1
-1
0.008932272518417363
0.007346870067127094
0.006274996285420462
0.0064116954202791294
0.005612474082371209
0.00475743495295728
0.004448088653696999
-1
-1
-1
-1
-1
-1
-1
-1
-1
-1
-1
-1
-1
-1
-1
-1
-1
-1
-1
0.009073562099813269
-1
