-1
-1
0.031677095021042864
-1
-1
0.02619552422906751
0.02618942834506525
0.02493004960434459
0.024236093503292474
0.023421152117096375
0.02250985347221945
0.021349596197360033
0.020634490585772793
0.01960834646336386
0.01823490821869574
0.017127762247468824
0.01609686679929216
0.015194974825761029
0.014437114064381501
0.01355444360002179
0.012743165782678907
0.012018053094360315
0.011053651167410555
0.010367752750900305
0.010006709863370825
0.009413759974397232
0.009189884949510342
0.008280907184860417
0.008050216999009391
0.0073023099939678315
0.007012734144369018
0.006828593984942569
0.00636725435294559
0.006421935781140194
0.006239336467931204
0.0060808420459800795
0.005633291482020204
