0.031751234128990106
-1
-1
-1
-1
-1
-1
-1
-1
-1
-1
-1
0.016669551603590727
0.014355212190406507
0.014629670171685745
0.012929149645426312
0.012336163306625698
0.010742532839143342
0.010405632642565967
0.009467438625986476
0.008154858283685036
0.008105269966887043
0.0071722959352491554
0.00634958057405728
0.006226419723726228
-1
-1
-1
-1
-1
-1
-1
-1
-1
0.00717382559961827
0.0058756347529306165
0.005066953200556189
0.00457707678801135
0.0049576439571899856
0.004480583576346915
0.004079008352572602
0.003997606785457493
-1
-1
-1
-1
-1
-1
-1
-1
-1
-1
-1
0.006749237298343445
-1
-1
0.0054879872943063394
0.00584161589547532
-1
0.005004703861994232
0.0042368129091827494
0.005126000659543676
0.004169459166360205
0.00272867851324393
-1
-1
0.003404502278893591
0.0021100641603492023
0.0015655332607489262
-1
-1
-1
-1
-1
-1
0.0041485294375142685
0.0029964124706122488
0.0028150867549077137
0.002465519768113233
-1
-1
-1
0.0025399254386511017
0.0019604173480463763
0.0015748447856904699
-1
-1
-1
0.0024507838600533196
0.0023862368310590405
0.0014616267136999571
0.0013508170584517576
0.0009137941717707675
0.0009081346369492138
0.0008200316676386579
0.0007603203536378061
0.0006137652313142352
0.0007162265529426765
0.0006380113171322268
0.0005391576989535276
