-1
-1
-1
0.02801037705314472
-1
0.025778852271578476
0.024911813292127803
0.023659526419810294
0.02278234594477105
0.021698346627356046
0.02067648260576344
0.019487706772751908
0.018500404653799565
0.0174620370733994
0.01671947556634507
0.016198734523003883
0.015220865557472575
0.014626970851620513
0.013743088822945206
0.012957227002464787
0.011800741665687653
0.011246072954380428
0.01054653553447746
0.01010433094740483
0.009745405909554201
0.009141708739759814
0.008277323226797837
0.008052551831721122
0.007585614916106113
0.007088414995724376
0.006979313247385913
0.006340866992894676
0.005726037901739516
0.005683153732579761
0.00532455730267527
0.005384106139223445
0.004973867157727551
