-1
-1
-1
-1
-1
-1
-1
-1
-1
-1
-1
-1
-1
-1
-1
-1
-1
-1
0.03581148124270969
0.034636899243460764
0.03050534683863322
-1
0.025363705926471285
0.023850610372755262
0.022397122240066528
0.021845594861772327
-1
-1
-1
-1
0.035731055238511826
0.035750338819291856
0.03550968792173598
-1
-1
0.02666671419673496
-1
-1
-1
-1
-1
0.03503342303170098
-1
0.03352150450282627
-1
-1
0.028741093942854137
-1
0.024655816253026326
-1
0.022345103067821927
0.03531825188530816
-1
0.035140422948201494
0.03414151662190755
-1
0.029626397795147367
0.025839336442947388
-1
-1
-1
0.033056137975056965
-1
0.029786219877666893
-1
-1
-1
-1
-1
-1
-1
-1
-1
-1
-1
-1
0.03402136227819655
0.0318741768889957
0.028737792703840467
-1
-1
0.025294475730260214
-1
0.022586842600504555
-1
0.035592713663313125
0.03539528823428684
0.03513605368932088
-1
-1
-1
0.03157726811832852
0.027087043709225125
0.023474767208099365
0.035430512173970544
-1
-1
0.03566239290237427
-1
-1
0.03206836078431871
-1
-1
-1
-1
-1
-1
-1
-1
-1
-1
-1
-1
-1
-1
0.029930089192920263
-1
0.02533824554019504
0.024115442387262983
0.023197299104266694
0.03488596076965332
-1
0.03518178501129151
0.033868888786103994
0.031721455637613936
0.027200166384379068
0.02575320127275255
-1
0.024155056619644164
0.022625784677929348
-1
0.035686490758260095
-1
-1
0.02584304512341817
0.024836558050579494
-1
-1
0.04091375658247206
-1
-1
-1
-1
-1
0.04093069913652208
0.04093529891967773
-1
-1
-1
-1
-1
0.04128281762864855
-1
-1
0.0412634539074368
-1
-1
-1
-1
-1
-1
-1
-1
0.04129490354326036
-1
-1
-1
-1
0.04096057277255588
-1
-1
-1
-1
-1
-1
0.04087424119313558
-1
-1
-1
-1
-1
