-1
0.029741502775381838
-1
-1
-1
-1
-1
-1
-1
-1
-1
-1
-1
-1
-1
0.014399137966047677
-1
0.012718615449708082
-1
0.01139959459009809
0.009782449568623704
0.00922017372827259
-1
0.009343159851631335
0.008066318173558427
-1
0.008185439591596384
-1
-1
0.006896516671649824
0.006554877904619697
0.005677477101102079
0.005041184546104793
0.004920114285896323
0.004572951328198276
0.0044601027572312175
-1
-1
-1
-1
-1
-1
0.005210237148355761
0.004004993298776735
-1
-1
-1
-1
0.004496388189479497
0.004189791798621839
0.003575755884912447
0.0031049320264577743
0.0031885135924522943
0.0027709073196288056
0.00244239516741394
0.002487512072264906
0.0023520055024848752
0.0020532204144262157
-1
-1
-1
-1
-1
-1
-1
-1
-1
-1
-1
-1
-1
-1
-1
-1
0.00502155756589184
0.0036969928953108993
0.003877905459647609
0.0034118914020835264
-1
-1
-1
-1
-1
0.004825031678768491
0.0030842377832556106
-1
-1
0.003628260058938369
0.0024285727496019
-1
-1
0.0033361841741246577
0.001969163293306079
0.0018154442730656322
0.0013033423574667796
-1
-1
-1
-1
-1
