-1
-1
0.02979357143012664
-1
-1
0.02407231530014711
0.022163964313586738
0.020860389490415212
0.0201837876833232
0.019349766496715857
0.018713532854952003
0.017903682278369807
0.017012845169917058
0.016558984288483375
0.015553692405019172
0.01464407839520625
0.013622137316418358
0.013048098659847287
0.012156800133999428
0.011216180797519373
0.010567193379811511
0.009934590808753349
0.008773519102216043
0.00787953800087462
0.006864660366367022
0.005924242918148395
0.005570468337657557
0.0052363506602577155
0.005028961735438304
0.004582882594758009
0.004262091317959562
0.004091891775171331
0.00390381108874373
0.0037270825153125965
0.0037631936596053935
0.0038876982271809587
0.0036423380847527644
