-1
0.02790677733719349
-1
-1
-1
-1
-1
-1
-1
-1
-1
-1
-1
-1
-1
0.015317650267388672
0.01388779424596578
-1
0.012599269591737539
0.011714631196809933
0.010762379388324916
0.009634940332034603
0.009320450067752973
0.008115513063967229
0.007772995630512014
0.006681874595233239
0.006504559839959257
0.00598548988928087
0.005090862819633913
0.0043009937900933435
0.004054377043939894
0.003951439997035777
-1
-1
-1
-1
-1
-1
-1
-1
-1
-1
-1
-1
0.006046896758198273
0.005001192432246171
-1
-1
-1
-1
0.00520582478675351
0.004120385316855391
0.003796635270191473
0.003833802795998054
0.003447876438440289
0.002652307078096783
0.0026251463817970945
0.0021286054448864888
0.002900761529599549
0.0017621798086111084
-1
-1
-1
-1
-1
-1
-1
-1
-1
-1
-1
-1
-1
-1
0.004199573132427759
0.003193880814797012
0.0029200358108937507
0.002476390157062269
0.002121650458138902
0.0020198647627694298
0.0018899906406659283
-1
-1
-1
-1
-1
-1
-1
0.003160971504257759
0.002488503158019739
0.00193988420014648
0.0017777249704522546
-1
-1
-1
-1
-1
0.003278167321695946
-1
0.0025838525158178526
