0.034016113158534554
-1
-1
-1
-1
-1
0.02413390831035726
-1
0.02177104548934628
0.018544691231320885
0.018198652740787056
0.015802814121193748
0.015828743620830425
0.014198658396215999
0.013971990434562459
0.012287808845148367
-1
-1
-1
-1
-1
-1
-1
-1
-1
-1
-1
0.00922240356585997
0.008376215022358606
0.0069574334090301655
0.006412239146062776
0.005922751944950398
0.005099519947714939
0.004763405363123371
0.0042672073776724145
0.004026914532433319
0.003650129073032397
-1
-1
-1
-1
-1
-1
-1
-1
-1
0.005276094112880802
0.0042250752806841565
0.0032790721187826847
0.0028328613529618667
0.002797517579678884
0.002614507389508243
0.002322937550214941
0.002242016967262744
0.00185594425214838
0.002084877816549338
0.0026563991783084074
0.0015509333218420472
0.0018043015181319789
0.0019235520288074278
0.0021363684912691547
0.0015255278211792327
-1
-1
-1
-1
-1
-1
-1
-1
-1
-1
-1
-1
-1
-1
-1
-1
-1
-1
-1
0.0035962636389526514
0.0036730934292256066
0.0023822442873257816
0.0022484838407870163
0.001890951998768073
0.0019602139463292105
0.0015425588698503012
0.00174129368216895
0.002053285263793762
-1
-1
-1
-1
-1
-1
-1
-1
-1
0.0034792260170969018
