-1
-1
-1
-1
-1
-1
-1
-1
-1
-1
-1
-1
-1
-1
-1
-1
-1
-1
0.035644153075748024
-1
-1
0.03325385040707059
0.02936324520111084
0.027884972524642945
0.026830014848709106
-1
-1
-1
-1
-1
-1
-1
0.03568842565748427
-1
0.03520170597500271
-1
-1
0.027264525243971084
-1
0.026330529154671562
0.025362449969185723
0.025151515595118207
0.03486919567320082
0.03445677606794569
-1
0.03311017344262865
0.03158620317776998
-1
0.028584826824400163
-1
-1
-1
-1
0.03511560311847263
-1
-1
-1
0.03231886714299519
-1
0.02660968787935045
0.025843981488545734
0.025238564734988745
0.03453057245148553
-1
0.03054173475901286
-1
-1
-1
-1
-1
0.03550867538452148
-1
0.029487586365805733
0.027314434623718263
-1
0.026392269812689887
0.025847202184465196
-1
0.035734691535101996
0.035505278714497886
0.03518995674981011
0.034619497871398924
0.03312396788597107
-1
-1
0.028913574605517915
0.027161309655507407
0.035867029147677955
0.035310884698232015
0.036053150441911486
0.03579888628853692
-1
0.03507989364200168
-1
-1
0.03058690017064412
0.028175760322146946
-1
-1
-1
0.035756106789906816
0.03434970216751099
-1
-1
-1
0.03553911408318414
0.035326254759894475
-1
0.03444203347629971
-1
0.031317185354232786
0.02853764328426785
0.02732896899117364
-1
0.026003913312488133
-1
-1
-1
-1
0.03546464262008667
0.03107261928982205
-1
0.028078729761971368
-1
-1
0.02581311789088779
0.03555419619878133
0.03515150062772963
0.03104410729938083
-1
-1
-1
-1
-1
-1
-1
-1
-1
0.04087110477023655
0.040868080245123964
-1
-1
-1
0.04109890005323622
0.041095055792066786
0.0410929274029202
-1
-1
-1
-1
-1
-1
-1
-1
-1
-1
0.04087297715081109
-1
-1
0.040886047999064125
-1
0.04097268104553223
-1
0.040883712980482316
0.04091466183132596
-1
0.040891260888841416
-1
-1
0.040891140725877545
0.04089433182610406
-1
-1
-1
-1
0.04093004004160563
