0.03353951913174068
-1
-1
-1
-1
-1
-1
-1
-1
-1
-1
-1
-1
0.0169903421290567
0.01532764609729018
0.014484473828957461
-1
0.013294218430452257
0.01179631947356964
-1
0.010536358646143263
0.009198861372805086
-1
-1
-1
0.008948660231082239
0.007799014697008043
0.007581204345850187
0.006393824817142754
0.005878955020665008
0.0057430119478256905
-1
-1
-1
0.0063235406173723875
-1
-1
-1
0.006229082735899453
0.004657042426901443
0.004386626500114102
0.004634964287838089
0.003406077133857201
0.0030815226365333405
0.003080500597221272
0.0025623219347968
-1
-1
-1
-1
-1
-1
-1
-1
-1
-1
0.004655385678721087
-1
0.0038424187945637193
0.004006559776020384
-1
-1
0.003509995542014035
0.0030769180638767846
0.0026741105829861675
0.002571374445143983
0.001967527994485659
0.00208116268095012
0.0017497658251706405
0.0018329614378233378
0.001846518654411084
0.0020976975647227785
-1
-1
-1
-1
-1
-1
-1
-1
-1
-1
-1
-1
0.004264695762926452
0.0029440765812227105
0.0022197916959281836
0.0018332179229288736
0.0013464599542720157
0.0013393950874038111
0.0013166507153345324
0.0011024107508988024
0.0014258042218981781
0.0010806459112301747
0.001009255453474193
0.0014133323415696064
-1
-1
-1
-1
