-1
-1
0.029997124352576274
-1
-1
0.025374059093466534
0.023939637719345975
0.022653804860544535
0.021554581700516627
0.020642438771818306
0.019889964517765178
0.01919840194336537
0.018235852949613787
0.017652996032397686
0.0169952975134376
0.01637814906673123
0.015589426020827083
0.014847917369551803
0.014116647557353312
0.01343828657207533
0.012179129558677762
0.011758836174671976
0.010651943817149685
0.010067649959967263
0.00954353842393906
0.008718833671431067
0.007778819927442432
0.006988346714345743
0.006337010616105368
0.005854027707981458
0.005287638907137975
0.005267680773627675
0.005371526967708288
0.004769404315095025
0.004760035875900789
0.0039980426017737
0.004014688793905338
