-1
-1
-1
-1
-1
-1
-1
-1
-1
-1
-1
-1
-1
-1
-1
-1
-1
-1
-1
-1
-1
-1
-1
-1
0.0318523976167043
-1
-1
0.029399665742450287
-1
0.03604153294033474
0.0361375924428304
0.0361022538503011
-1
0.03558527105119493
0.0327656234741211
-1
0.03137580394744873
-1
0.029971785015530057
-1
0.03614163206948174
-1
0.035964957565731474
-1
-1
-1
0.03268300087187025
-1
0.03041013420422872
0.02941135861608717
-1
0.035834150176578095
-1
0.03539075042936537
-1
-1
0.032904034196005925
0.03087286659346686
0.02945825603802999
0.029038847880893285
0.036301685036553274
0.035783199140760634
0.0351632003042433
0.03378958349227905
-1
0.03681275510787964
0.036596468035380046
0.03630258625878228
0.035815730211469866
0.03518778297636244
0.03329926003350152
0.03187919727961222
0.030937989796532527
-1
-1
0.036156567033131914
-1
-1
-1
-1
0.03580387578540378
0.03440421572261386
0.03350155229038662
-1
-1
0.0358739845805698
-1
0.03586323453055488
0.035621498372819686
0.035454315641191274
-1
-1
-1
-1
0.030597856479220923
-1
-1
-1
-1
-1
-1
-1
-1
0.035860361332363554
-1
-1
-1
-1
-1
0.03349808009465535
0.032441689581341214
0.03141579097641839
-1
0.03019833012686835
-1
0.03603059193293254
-1
0.036048104159037274
-1
-1
0.03402081864674886
-1
-1
0.03089828900761074
-1
-1
-1
-1
0.03256401211420695
-1
0.04089752886030409
-1
-1
-1
0.04088058768378364
-1
-1
-1
-1
0.04079119661119249
0.040783106062147356
0.04078976164923774
-1
0.0407807289759318
-1
0.04076667033301459
-1
-1
0.04073510244157579
-1
0.04056074417961968
-1
-1
-1
-1
-1
-1
-1
-1
-1
-1
-1
-1
0.040863520834181044
-1
-1
-1
-1
0.04093369038899739
0.040933471573723686
-1
-1
-1
-1
0.040859489334954154
