0.030308513533800166
-1
-1
-1
-1
-1
-1
0.021530297152081827
-1
0.0203195345581026
0.018045086676913097
0.017312054537740863
0.015655059507466797
-1
-1
0.014320454886533263
0.013315871030204278
0.012272975700242179
0.010620243550467312
0.010798401609623342
0.009526633840978594
0.009011907573033096
0.009040894041440092
0.008985389546400173
-1
-1
-1
-1
-1
-1
-1
-1
-1
-1
-1
-1
-1
-1
0.008793263112832057
0.008172085416972414
0.008233515284710415
0.007073932695307566
0.006299868758235659
0.005332717094290301
0.005581909661090239
-1
-1
-1
-1
-1
-1
-1
-1
-1
0.006288829621599806
0.005873531467960517
0.005886975638358328
0.004652578608462013
-1
-1
-1
-1
0.0050698948003477734
0.003960837432029273
0.004019147184278283
-1
-1
0.003961397777486565
0.004104350336662781
0.0032675137354719235
0.0033117124537720265
0.002959574237457105
0.0024693063782402
0.0027612567804858818
0.002748310637023104
0.0024127257270108267
0.0023463854329884614
0.00195363827384098
-1
-1
-1
-1
-1
-1
-1
-1
-1
-1
-1
-1
-1
0.004216677393007995
0.003676275612744398
0.0036093347429304867
-1
-1
-1
-1
-1
0.003859926441411271
