-1
-1
-1
-1
-1
0.025503319830134295
0.023420936162920965
0.02232467834500299
-1
-1
-1
-1
-1
-1
-1
-1
-1
-1
-1
-1
-1
-1
-1
-1
-1
-1
-1
-1
-1
-1
0.010382599428943966
-1
0.009525608930034913
0.008457498819283817
-1
-1
-1
-1
0.008260510411599408
0.007169609689086244
0.006827064436199008
0.005893332597570143
0.005778390608619953
-1
-1
-1
-1
-1
-1
-1
-1
-1
-1
-1
-1
-1
-1
-1
0.007296994316081207
-1
-1
-1
-1
-1
-1
-1
0.007602280532212361
0.006192729912590289
-1
-1
0.00621808883531586
-1
0.0059590294792492325
0.004816691209224687
0.004793041466964759
0.004274569490276601
0.0038716403990174115
0.003942806212960378
0.003523744898915723
-1
-1
-1
-1
-1
-1
-1
-1
-1
-1
-1
-1
-1
-1
-1
-1
-1
-1
-1
0.006267050205851378
0.004716079994172289
