-1
-1
-1
-1
0.023738101457798037
0.022852300948604815
0.02132148520652749
0.01990056345319338
0.01866643910421683
0.018294142173832673
0.016692144583835982
-1
-1
-1
-1
-1
-1
-1
-1
-1
-1
-1
-1
-1
-1
-1
-1
-1
-1
-1
-1
-1
-1
-1
-1
-1
-1
-1
-1
-1
0.009321879988328091
0.008542576712959134
0.00767549882859077
0.006816882497089299
-1
-1
-1
-1
-1
-1
-1
-1
-1
-1
-1
-1
-1
-1
0.008055122553192101
-1
-1
0.008151832570916943
0.006892774869984065
0.006191291586418548
0.006114052142147348
0.005556179388802509
0.0053339743255544185
-1
-1
-1
-1
-1
-1
-1
-1
-1
-1
-1
-1
-1
0.008576664147114003
0.007156796893238338
0.005616209140437038
0.0054097745023176805
0.004851943302504654
0.0044401511449879165
0.005170687981867858
0.004585719555296153
-1
-1
-1
-1
-1
-1
-1
-1
-1
-1
-1
-1
