-1
-1
-1
0.026712135186516436
-1
0.02494841382985103
0.023062954965672292
0.022272867871044284
0.02145176837569163
0.020334570931080275
0.019484154140562787
0.018783845865815656
0.01806354533109879
0.017288934471006705
0.016498675875532956
0.01577541096103459
0.014954748348404939
0.014317490364845257
0.013749909047919914
0.013092154929614127
0.01239590185167189
0.01168124082677085
0.010791068786100259
0.010400204016755048
0.009949403198579898
0.009341710445440916
0.008333196003277997
0.00749154096083748
0.006881454264155201
0.006558156484027307
0.006102375159425628
0.0062562165184973035
0.006286132470367852
0.006606067897301363
0.0065226596907858835
0.006133851459124439
0.006073355802945662
