-1
-1
-1
-1
0.025972282761678647
0.02422171650132584
0.023392230709185776
0.02224842553363421
0.021583934978664857
0.020795785756635415
-1
-1
-1
-1
-1
-1
-1
-1
-1
-1
-1
-1
-1
-1
-1
-1
-1
-1
-1
-1
0.012580755532412004
0.011305832683415938
0.009915927497192202
0.00976137918717574
0.008050272340705883
0.008166612224429066
0.00761891623364069
0.007074588716654254
0.00681251773308397
-1
-1
-1
-1
-1
-1
-1
-1
-1
-1
-1
-1
-1
-1
-1
-1
-1
-1
-1
-1
-1
-1
-1
-1
-1
-1
0.009893648544843285
0.008190400621497819
0.007006192745650626
0.00734356554195831
0.006812445832055588
-1
-1
-1
-1
-1
-1
-1
0.008656809811543731
0.008305360503611765
0.007434121930864468
0.006423930734083915
-1
-1
-1
-1
-1
-1
-1
-1
0.008685941781595114
-1
-1
0.00934509737563383
0.0064770026980894395
0.0066748844020809795
0.004836585355132662
-1
-1
-1
-1
