0.027645470596411648
-1
-1
-1
-1
-1
-1
0.009192669435459025
0.008523120314759366
0.007537427960949785
-1
0.0083700586877325
0.007914410849266192
0.006840747419525596
0.0050051421077702855
-1
-1
-1
-1
-1
-1
-1
-1
-1
0.006568010222605046
0.006274362174136674
0.0067140267394921365
0.006200364960686248
0.00552874475114924
0.005837279262349886
0.004928481843158164
-1
-1
-1
-1
-1
-1
-1
-1
0.006331940938252956
0.004936184976523851
0.004798625240116106
0.0035492095438873065
0.00447139318292851
0.003451091002823566
0.002104147623621804
0.002196941863375661
-1
-1
-1
-1
-1
-1
-1
-1
0.005111061785753597
-1
-1
0.0035382992260993514
0.002478726424434332
0.0024880135231582882
0.0018158022074631472
0.0024278639959982896
0.001943242075289805
0.0012030320916785377
0.0012759537936397145
0.0022434999133538976
0.0019878780999159277
0.0017041276643473846
-1
-1
-1
-1
-1
-1
-1
-1
-1
-1
0.0034577034489570104
0.0009438351299222098
0.0033355536466628754
0.00193904451741272
0.0015022938909276169
0.0011889968545052824
0.002629805207995078
0.0010816400154640981
0.002990129380572505
0.0014238960791558117
0.0004515477617507499
0.0004877524737233163
0.0007298831614795798
-1
-1
-1
-1
-1
-1
-1
-1
