0.03480888239183444
-1
-1
-1
-1
-1
-1
-1
-1
-1
-1
0.01935005234571949
0.01782025826740624
0.015811899972276274
0.015435705495307225
0.013912029656986732
-1
-1
0.012197134147087733
0.010993953979102343
0.010085637094330203
0.00988565302978352
0.009014257999828083
0.00769354639164472
0.006944283715005536
-1
-1
-1
-1
-1
-1
-1
-1
0.0077763530452035915
0.006502493708911869
0.005503161290393907
0.00478930606939979
0.005118150657600603
0.003908902309789355
0.004440963777438115
-1
-1
-1
-1
-1
-1
-1
-1
-1
-1
0.0067447561346233005
0.005029115194486359
0.00472695426050777
0.002916810226367116
0.0025628623278134565
0.0030910930160885563
0.0016948032937637001
0.0020086187306197845
0.0019481069676704327
0.001706890077566949
-1
-1
-1
-1
-1
-1
-1
-1
-1
-1
-1
0.005242758194728283
0.002969163788040563
0.00233767008971907
-1
-1
-1
-1
0.003845591910478085
0.002863225356540634
0.002010412975135496
0.0014558151935879667
0.0012209076914943319
-1
-1
-1
-1
-1
-1
-1
0.0058276325211686604
-1
-1
-1
0.004915560225836876
0.0023739273362598347
0.0012090968400936682
0.0009700133273726165
0.0008003722056031767
-1
