-1
-1
-1
0.026140047879827103
0.025543561504457888
0.023678333647299134
0.022837758224282488
0.02161565440346464
0.020976581376137615
0.019593693399322647
0.01852891103799978
0.017432623181567096
0.016403095994219685
0.015528444342431873
-1
-1
-1
-1
-1
-1
-1
-1
-1
-1
-1
-1
-1
-1
-1
-1
-1
-1
-1
-1
-1
-1
0.010268643068387205
0.008318771553586261
-1
-1
-1
0.008601824725900988
-1
-1
-1
-1
0.008086750293004699
0.007085195189587755
0.005862747673653649
0.005134948900165307
0.005031232476251104
0.005057590808177688
0.005096187683393225
0.004129152785844984
0.004359641864529125
0.003950429313984894
0.0040100609537805755
0.003780732748059085
0.0032896960779224466
0.003092783116954285
0.003291026453260474
0.002781247846173827
0.002663468335748919
0.002475856733977195
0.0023113628497276393
0.0021412465171325927
0.002119522039430587
0.002287287918238232
0.0019177677322354094
0.0019050686777479764
0.0017369748833870526
0.0017186834016435632
0.001720370389458617
-1
-1
-1
-1
-1
-1
-1
-1
-1
-1
-1
-1
-1
-1
-1
-1
-1
-1
-1
-1
-1
-1
-1
-1
-1
-1
-1
