-1
0.027344142972377306
-1
-1
-1
-1
-1
-1
-1
-1
-1
-1
-1
-1
-1
-1
0.016117482458287632
0.012094717192101395
0.010294746045934555
0.009555148333787634
-1
-1
0.008922036275936253
0.007537741669577131
0.0065408998321282346
0.00659860726729931
0.006052092414273834
0.006079259712851215
0.00484283449060168
-1
-1
-1
-1
0.005909875988984577
0.004341707646744199
0.003913475124804693
-1
-1
0.004464647500661249
0.003664733124674811
0.003539794804999307
0.0031749318707134113
0.0033626604409663498
0.0029291243883998986
0.0031724953787034766
-1
-1
-1
-1
-1
-1
-1
-1
-1
-1
-1
-1
0.004358762621036469
0.003856716581332244
-1
0.003982882808591421
0.003285967143671519
0.0032287085730623097
0.0025385540589554275
0.0025469183214131353
0.002139637572489444
0.0019541770265259864
0.0017449688678590324
-1
-1
-1
-1
-1
-1
-1
-1
-1
-1
0.004095196941252617
-1
-1
0.0031580545027035485
0.0027978427511410895
0.002567026808151994
0.0019522998038424973
-1
-1
-1
-1
-1
-1
-1
0.003575635336499573
-1
0.003296741163124354
0.0025141925545689213
0.0018550549104748093
0.0017704685385241724
-1
-1
