-1
0.03223027206941454
-1
-1
-1
-1
-1
-1
-1
-1
-1
-1
-1
-1
-1
-1
0.01800918124759121
0.01698708527568561
0.015319893173952855
0.014527650593694593
0.013166005626670332
0.011955385511395519
0.011393643529223861
0.009215216487566673
0.00902900018258644
-1
-1
-1
-1
-1
-1
0.009038866621686388
0.0076018416380354845
0.0073591626199609695
0.0060206367997631335
0.006076163891107162
0.006535383043830583
0.004846291935075321
0.0052155066317300805
0.004649726147336493
-1
-1
-1
-1
-1
-1
-1
-1
-1
-1
-1
-1
-1
-1
-1
-1
-1
0.007629278947863338
-1
-1
0.00694463429699487
0.005735452560934304
0.004722216637380151
0.003948660730831086
0.003778096514372731
0.0032251289321868215
0.0025599200339086335
0.002179619350603649
0.0027054362567955816
0.0022549006388957564
0.0023431791294453493
0.002128983376823715
0.0019893036113241744
0.0015429162938616423
0.0016036744088506394
0.0016413500449105876
0.0017918145297708779
0.0016457081115099667
0.0016832779683887576
-1
-1
-1
-1
-1
-1
-1
-1
-1
-1
-1
-1
-1
-1
-1
-1
-1
-1
-1
-1
-1
