-1
0.01905057397981485
-1
-1
-1
0.015028545558452606
0.014073293233911195
0.01354017861187458
0.012719016335904599
0.012049294263124465
0.011464870317528646
0.011125738242020209
0.01073263866826892
0.010338055541117986
0.009958929953475793
0.009368902842203776
0.009000391705582539
0.008694006899992624
0.008187418291345238
0.007438860957821211
0.007028755702388784
0.006463652152257662
0.006123393195060392
0.0053678929774711535
0.0054127129190601414
0.004829755388976385
0.00490409606990094
0.004733411883935333
0.004591195612059285
0.005193416194524615
0.004965631503146142
0.004493772380131608
0.004785151383063445
0.004352478192886338
0.004929009983316064
0.00411917885649018
0.0035276652969575177
